# EF=-0.8339 eV; G-K-M-G of DFT cell
0.00000000 -19.70638982 -19.15793307 -8.20820838 -8.08636941 -7.11075768 -3.57833309 -3.57699262 -0.65605492 2.96018290 3.29190218 3.66785956 4.43933296 4.88071973 6.25065643 6.41298266 7.52021157
0.02120906 -19.70405740 -19.15521424 -8.20828569 -8.08554627 -7.10964915 -3.58878253 -3.57382629 -0.66077225 2.97236418 3.29311050 3.65798254 4.44399444 4.88696036 6.25130514 6.40963543 7.51482400
0.04241812 -19.69497291 -19.14701638 -8.20856517 -8.08295902 -7.10632207 -3.60717895 -3.57726903 -0.67487886 2.98607945 3.30324910 3.65301396 4.45174152 4.89904804 6.25136430 6.40382982 7.49863632
0.06362718 -19.67919306 -19.13339777 -8.20923700 -8.07841955 -7.10077549 -3.63289752 -3.58782174 -0.69824439 3.00073938 3.32223952 3.65334547 4.46240955 4.91685864 6.25055150 6.39599879 7.47209447
0.08483624 -19.65682562 -19.11444947 -8.21057120 -8.07166174 -7.09300773 -3.66588897 -3.60533383 -0.73065992 3.01591791 3.34969258 3.65916567 4.47590597 4.94021035 6.24833371 6.38689795 7.43594990
0.10604530 -19.62802765 -19.09029483 -8.21285733 -8.06240177 -7.08301643 -3.70608216 -3.62960869 -0.77184602 3.03144046 3.38475191 3.67053707 4.49222375 4.96885668 6.24388950 6.37764811 7.39125040
0.12725436 -19.59300307 -19.06108875 -8.21634636 -8.05039634 -7.07079853 -3.75338662 -3.66041157 -0.82146260 3.04739602 3.42590219 3.68759381 4.51144943 5.00248113 6.23619894 6.36965222 7.33932534
0.14846343 -19.55199962 -19.02701676 -8.22121578 -8.03547767 -7.05635036 -3.80770042 -3.69747375 -0.87911973 3.06407743 3.47069081 3.71091261 4.53376004 5.04069427 6.22439976 6.36424890 7.28176246
0.16967249 -19.50530544 -18.98829346 -8.22756515 -8.01755802 -7.03966763 -3.86891886 -3.74049685 -0.94438864 3.08188834 3.51539077 3.74199811 4.55940254 5.08303262 6.20829332 6.36221978 7.22037345
0.19088155 -19.45324543 -18.94516053 -8.23543314 -7.99661280 -7.02074553 -3.93694280 -3.78915746 -1.01681222 3.10125263 3.55510717 3.78335232 4.58865151 5.12895816 6.18854876 6.36360172 7.15714536
0.21209061 -19.39617770 -18.89788384 -8.24482087 -7.97265733 -6.99957877 -4.01168572 -3.84311240 -1.09591468 3.12253961 3.58528333 3.83716173 4.62174517 5.17785706 6.16646013 6.36794721 7.09417691
0.23329967 -19.33449021 -18.84674980 -8.25571161 -7.94572733 -6.97616164 -4.09307875 -3.90200456 -1.18121003 3.14599898 3.60381493 3.90339409 4.65880874 5.22903750 6.14361891 6.37466519 7.03360084
0.25450873 -19.26859784 -18.79206067 -8.26808346 -7.91586636 -6.95048814 -4.18107302 -3.96546937 -1.27220933 3.17168645 3.61112708 3.97995169 4.69978318 5.28172845 6.12174684 6.38319032 6.97749673
0.27571779 -19.19893999 -18.73412887 -8.28191611 -7.88311924 -6.92255213 -4.27563894 -4.03314169 -1.36842670 3.19934565 3.60882920 4.06427513 4.74438181 5.33508548 6.10264105 6.39301994 6.92779905
0.29692685 -19.12597871 -18.67327042 -8.29719371 -7.84752930 -6.89234750 -4.37676222 -4.10466294 -1.46938421 3.22818355 3.59915521 4.15422817 4.79209274 5.38821558 6.08812259 6.40372232 6.88620111
0.31813591 -19.05019736 -18.60979750 -8.31390556 -7.80913784 -6.85986851 -4.48443680 -4.17968797 -1.57461581 3.25642832 3.58537283 4.24817382 4.84223335 5.44023887 6.07992441 6.41497940 6.85404799
0.33934497 -18.97209958 -18.54401072 -8.33204576 -7.76798458 -6.82511028 -4.59865489 -4.25789139 -1.68367044 3.28058237 3.57266594 4.34481924 4.89405192 5.49040386 6.07949905 6.42668436 6.83221285
0.36055403 -18.89220809 -18.47619133 -8.35161247 -7.72410844 -6.78806954 -4.71939461 -4.33897286 -1.79611448 3.29495564 3.56867302 4.44306308 4.94686609 5.53824936 6.08776979 6.43906519 6.82097741
0.38176309 -18.81106273 -18.40659438 -8.37260699 -7.67754842 -6.74874589 -4.84660578 -4.42266111 -1.91153372 3.29400522 3.58113358 4.54187387 5.00022598 5.58375570 6.10490714 6.45275243 6.81998015
0.40297215 -18.72921681 -18.33544376 -8.39503296 -7.62834442 -6.70714388 -4.98019413 -4.50871655 -2.02953495 3.27769308 3.61245810 4.64018288 5.05408688 5.62738650 6.13025459 6.46870546 6.82829852
0.42418121 -18.64723062 -18.26293038 -8.41889546 -7.57653787 -6.66327674 -5.12000433 -4.59693248 -2.14974725 3.25170103 3.65941181 4.73678189 5.10896355 5.66996253 6.16248463 6.48799248 6.84465624
0.44539028 -18.56566088 -18.18921492 -8.44420025 -7.52217235 -6.61717348 -5.26580093 -4.68713498 -2.27182303 3.22259416 3.71784388 4.83025021 5.16600901 5.71243079 6.19993352 6.51151668 6.86766376
0.46659934 -18.48504525 -18.11443601 -8.47095292 -7.46529420 -6.56889390 -5.41724373 -4.77918168 -2.39543893 3.19550927 3.78490150 4.91900751 5.22690104 5.75567223 6.24095439 6.53980105 6.89600115
0.48780840 -18.40588217 -18.03872389 -8.49915806 -7.40595330 -6.51856417 -5.57384592 -4.87295953 -2.52029644 3.17423359 3.85887251 5.00166559 5.29336547 5.80044714 6.28413680 6.57290157 6.92851792
0.50901746 -18.32860771 -17.96221772 -8.52881827 -7.34420438 -6.46647734 -5.73487103 -4.96838180 -2.64612223 3.16164030 3.93869364 5.07771076 5.36632654 5.84747301 6.32832833 6.61046921 6.96427363
0.53022652 -18.25357332 -17.88508305 -8.55993317 -7.28010969 -6.41345638 -5.89897122 -5.06538399 -2.77266815 3.15996743 4.02363767 5.14803527 5.44519817 5.89756476 6.37248815 6.65193708 7.00255231
0.55143558 -18.18102905 -17.80752468 -8.59249816 -7.21374512 -6.36283060 -6.06221421 -5.16391872 -2.89971086 3.17096511 4.11315210 5.21469474 5.52797718 5.95175645 6.41546551 6.69676576 7.04287008
0.57264464 -18.11111638 -17.72979100 -8.62650318 -7.14521696 -6.34159453 -6.19692370 -5.26394810 -3.02705089 3.19597612 4.20678132 5.28010308 5.61197968 6.01132527 6.45582005 6.74465458 7.08498097
0.59385370 -18.04387212 -17.65216848 -8.66193124 -7.07471778 -6.45233348 -6.19972228 -5.36543122 -3.15451129 3.23598596 4.30413177 5.34637831 5.69458579 6.07762694 6.49179310 6.79562807 7.12887801
0.61506276 -17.97924164 -17.57496773 -8.69875687 -7.00280021 -6.61919113 -6.14533113 -5.46829750 -3.28193566 3.29165930 4.40485946 5.41508855 5.77379596 6.15167311 6.52151222 6.84994018 7.17478526
0.63627182 -17.91709789 -17.49850515 -8.73694455 -6.93354334 -6.78961128 -6.08175058 -5.57237329 -3.40918589 3.36336948 4.50866837 5.48723550 5.84864419 6.23349821 6.54347060 6.90782726 7.22314101
0.65748088 -17.85726189 -17.42308410 -8.77644707 -6.98673159 -6.83787859 -6.01484598 -5.67709206 -3.53613939 3.45122354 4.61531294 5.56330295 5.91931808 6.32131171 6.55746240 6.96925551 7.27457602
0.67868994 -17.79952175 -17.34897852 -8.81720388 -7.16017656 -6.76445547 -5.94877153 -5.77942651 -3.66268607 3.55508284 4.72459970 5.64329367 5.98685333 6.40875503 6.56770619 7.03382480 7.32988598
0.69989900 -17.74364891 -17.27642053 -8.85913959 -7.33757229 -6.68476762 -5.92706424 -5.83616664 -3.78872510 3.67457844 4.83638486 5.72672900 6.05257912 6.47111100 6.59712939 7.10087630 7.38998265
0.72110806 -17.68941113 -17.20559190 -8.90216256 -7.51434909 -6.60291702 -6.01817778 -5.77883005 -3.91416131 3.80911945 4.95056665 5.81258833 6.11750630 6.47757648 6.67561922 7.16975076 7.45579438
0.74231713 -17.63658293 -17.13661898 -8.94616378 -7.68940203 -6.52018520 -6.12620743 -5.70271406 -4.03890125 3.95789103 5.06707308 5.89911371 6.18127243 6.45443967 6.77794287 7.24012840 7.52810357
0.76352619 -17.58495401 -17.06957019 -8.99101592 -7.86207594 -6.44039804 -6.23323027 -5.62221311 -4.16284809 4.11983620 5.18584802 5.98313863 6.23824439 6.42671757 6.88655736 7.31237108 7.60736823
0.78473525 -17.53433635 -17.00445524 -9.03657287 -8.03188820 -6.40530547 -6.29619880 -5.53883030 -4.28589408 4.29360960 5.30683919 6.05705224 6.26683289 6.42755217 6.99587455 7.38774708 7.69362502
0.80594431 -17.48457034 -16.94122563 -9.08266958 -8.19846777 -6.49445523 -6.23531538 -5.45300243 -4.40790662 4.47747770 5.42998720 6.09518110 6.26963568 6.48142725 7.10263736 7.46839219 7.78653094
0.82715337 -17.43553027 -16.87977586 -9.12912261 -8.36153376 -6.61003484 -6.14835085 -5.36498939 -4.52869608 4.66910244 5.55518019 6.06065698 6.30889583 6.56410945 7.20425542 7.55684239 7.88549956
0.84836243 -17.38712909 -16.81994522 -9.17573131 -8.52088378 -6.73061957 -6.05675064 -5.27512033 -4.64792245 4.86502690 5.68182663 5.97983015 6.37613689 6.66004445 7.29912094 7.65508437 7.98984165
0.86957149 -17.33932260 -16.76152004 -9.22228040 -8.67638401 -6.85389147 -5.96288037 -5.18419883 -4.76472898 5.05920142 5.79968634 5.89241383 6.45096306 6.76424921 7.38728159 7.76360698 8.09885795
0.89078055 -17.29211253 -16.70423651 -9.26854512 -8.82795797 -6.97922716 -5.86743404 -5.09590398 -4.87534744 5.23730570 5.76394047 5.96265467 6.52839731 6.87452220 7.47039461 7.88130469 8.21188196
0.91198961 -17.24554842 -16.64778422 -9.31430339 -8.97556857 -7.10633826 -5.77081290 -5.05135865 -4.93851291 5.35075456 5.71075083 6.10263251 6.60783625 6.98970819 7.55088434 8.00623556 8.32829224
0.93319867 -17.19972765 -16.59181090 -9.35937308 -9.11917555 -7.23502949 -5.67344362 -5.13375232 -4.87076710 5.31613222 5.77787146 6.25560823 6.69012807 7.10929865 7.63111149 8.13639358 8.44751155
0.95440773 -17.15479317 -16.53592868 -9.40378405 -9.25855848 -7.36513292 -5.57620808 -5.24063978 -4.77379843 5.18695773 5.90808512 6.42112458 6.77748508 7.23327474 7.71299143 8.27004984 8.56900261
0.97561679 -17.11092842 -16.47972240 -9.44956059 -9.39152993 -7.49648563 -5.48404603 -5.34367771 -4.67112821 5.02498427 6.03668658 6.59477171 6.87506732 7.36200923 7.79794418 8.40578669 8.69226421
0.99682585 -17.06834907 -16.42276020 -9.53610823 -9.47854478 -7.62892133 -5.48072071 -5.35679640 -4.56518482 4.84640789 6.14832025 6.76158683 6.99459094 7.49620501 7.88698541 8.54243130 8.81682816
1.01803491 -17.02729181 -16.36460622 -9.66229846 -9.52061244 -7.76226751 -5.58012805 -5.26565979 -4.45654063 4.65628881 6.24128955 6.90148549 7.15013119 7.63686083 7.98088095 8.67898813 8.94225621
1.03924398 -16.98800080 -16.30483481 -9.78816390 -9.55759924 -7.89634497 -5.68533215 -5.16714988 -4.34539566 4.45701312 6.31708850 7.01468163 7.33463521 7.78517438 8.08037829 8.81459669 9.06813597
1.06045304 -16.95071313 -16.24304490 -9.91159011 -9.59153500 -8.03096861 -5.78998861 -5.06768375 -4.23183940 4.25012526 6.37768298 7.11489023 7.52772697 7.94203928 8.18662512 8.94851486 9.19407519
1.08166210 -16.91564512 -16.17887284 -10.03247309 -9.62245459 -8.16594874 -5.89318710 -4.96829900 -4.11592389 4.03684598 6.42489430 7.21004796 7.71583637 8.10637711 8.30210355 9.08012216 9.31969492
1.10287116 -16.88298125 -16.11200200 -10.15093223 -9.65018485 -8.30109266 -5.99460499 -4.86947285 -3.99769142 3.81825163 6.46031144 7.30313324 7.89267029 8.27184541 8.43254125 9.20893744 9.44462328
1.12408022 -16.85286700 -16.04216797 -10.26713651 -9.67451877 -8.43620627 -6.09406201 -4.77155356 -3.87718794 3.59534464 6.48529454 7.39515524 8.05687209 8.42666250 8.58635119 9.33464719 9.56849275
1.14528928 -16.82540619 -15.96915890 -10.38126573 -9.69525536 -8.57109559 -6.19142675 -4.67484511 -3.75447094 3.36908297 6.50098810 7.48637974 8.20977118 8.56668054 8.76251126 9.45714283 9.69094375
1.16649834 -16.80066214 -15.89281189 -10.49349697 -9.71221477 -8.70556799 -6.28658719 -4.57962955 -3.62961472 3.14039199 6.50833929 7.57677935 8.35337264 8.69878952 8.94864340 9.57656736 9.81163545
1.18770740 -16.77866172 -15.81300649 -10.60399799 -9.72524689 -8.83943301 -6.37943848 -4.48617317 -3.50271388 2.91016829 6.50812188 7.66620832 8.48940570 8.82843623 9.13418291 9.69336905 9.93026208
1.20891646 -16.75940073 -15.72965706 -10.71292346 -9.73423789 -8.97250263 -6.46987633 -4.39472763 -3.37388558 2.67927961 6.50096319 7.75447468 8.61917581 8.95745634 9.31254637 9.80834085 10.04657068
1.23012552 -16.74284942 -15.64270538 -10.82041228 -9.73911638 -9.10459038 -6.55779238 -4.30552942 -3.24327063 2.44856271 6.48737112 7.84137145 8.74365468 9.08589274 9.47920892 9.92257244 10.16037406
1.25133458 -16.72895735 -15.55211458 -10.92658585 -9.73986103 -9.23550801 -6.64307024 -4.21879889 -3.11103356 2.21882039 6.46775895 7.92669115 8.86355526 9.21299653 9.63087798 10.03716930 10.27155127
1.27254364 -16.71765706 -15.45786476 -11.03154677 -9.73651514 -9.36505437 -6.72558141 -4.13473938 -2.97736185 1.99081816 6.44246700 8.01023307 8.97936275 9.33763545 9.76566093 10.15264627 10.38002561
1.29375270 -16.70886662 -15.35995082 -11.13537811 -9.72923800 -9.49296672 -6.80518099 -4.05353644 -2.84246436 1.76528084 6.41178087 8.09180744 9.09134787 9.45844733 9.88355987 10.26830558 10.48570901
1.31496176 -16.70249126 -15.25838205 -11.23814311 -9.71875306 -9.61847454 -6.88170276 -3.97535727 -2.70656932 1.54288942 6.37594653 8.17123799 9.19957748 9.57387833 9.98645710 10.38228189 10.58840994
1.33617083 -16.69842436 -15.15318350 -11.33988519 -9.74853904 -9.69810974 -6.95495361 -3.90035026 -2.56992182 1.32427813 6.33518258 8.24836343 9.30392238 9.68218455 10.07736708 10.49237252 10.68773159
1.35737989 -16.69654806 -15.04439877 -11.44062850 -9.86848170 -9.68205576 -7.02470722 -3.82864460 -2.43278117 1.11003198 6.28969009 8.32303820 9.40405455 9.78147980 10.15956290 10.59690049 10.78302893
1.37858895 -16.69673397 -14.93209406 -11.54037867 -9.98856051 -9.66046105 -7.09069695 -3.76034990 -2.29541803 0.90068467 6.23966043 8.39513224 9.49942308 9.86993994 10.23599908 10.69501493 10.87349830
1.39979801 -16.69884394 -14.81636338 -11.63912404 -10.10648938 -9.63579790 -7.15260809 -3.69555585 -2.15811159 0.69671701 6.18528137 8.46453001 9.58919483 9.94625362 10.30890211 10.78647948 10.95840137
1.42100707 -16.70273118 -14.69733497 -11.73683702 -10.22188612 -9.60869137 -7.21006984 -3.63433184 -2.02114671 0.49855576 6.12674181 8.53112838 9.67214223 10.01023453 10.37940809 10.87125363 11.03734190
1.44221613 -16.70824177 -14.57517912 -11.83347568 -10.33446903 -9.57971941 -7.26264738 -3.57672665 -1.88481119 0.30657303 6.06423527 8.59483349 9.74647149 10.06327252 10.44744546 10.94908992 11.11050329
1.46342519 -16.71521642 -14.45011787 -11.92898529 -10.44394874 -9.54951466 -7.30983538 -3.52276818 -1.74939314 0.12108609 5.99796241 8.65555601 9.80965964 10.10832947 10.51204368 11.01926484 11.17877450
1.48463425 -16.72349261 -14.32243742 -12.02329958 -10.54999899 -9.51878204 -7.35105428 -3.47246330 -1.61517847 -0.05764221 5.92813270 8.71320467 9.85859231 10.14937001 10.57187399 11.08058354 11.24363655
1.50584331 -16.73290689 -14.19250442 -12.11634123 -10.65223722 -9.48829869 -7.38565164 -3.42579779 -1.48244875 -0.22940256 5.85496537 8.76767685 9.89048335 10.19007823 10.62568663 11.13182432 11.30664734
1.52705237 -16.74329730 -14.06078817 -12.20802085 -10.75020398 -9.45890305 -7.41291149 -3.38273647 -1.35147946 -0.39403746 5.77868975 8.81884529 9.90432496 10.23224366 10.67251541 11.17244617 11.36870080
1.54826143 -16.75450583 -13.92789188 -12.29823281 -10.84333729 -9.43147257 -7.43207438 -3.34322359 -1.22253982 -0.55143774 5.69954518 8.86653818 9.90132953 10.27530558 10.71171060 11.20291502 11.42969498
1.56947049 -16.76638081 -13.79459822 -12.38684481 -10.93093928 -9.40688871 -7.44237031 -3.30718332 -1.09590053 -0.70153104 5.61778043 8.91050904 9.88389122 10.31744930 10.74290063 11.22440210 11.48883808
1.59067955 -16.77877908 -13.66193887 -12.47367419 -11.01213226 -9.38598956 -7.44306437 -3.27452057 -0.97195800 -0.84415357 5.53365283 8.95038915 9.85448918 10.35678868 10.76595233 11.23830624 11.54512139
1.61188862 -16.79156801 -13.53130807 -12.55843293 -11.08580201 -9.36951427 -7.43351110 -3.24512199 -0.98040622 -0.84987417 5.44742720 8.98561109 9.81533063 10.39182729 10.78096352 11.24594533 11.59760104
1.63309768 -16.80462720 -13.40467155 -12.64059007 -11.15052818 -9.35804726 -7.41320947 -3.21885725 -1.10860982 -0.73161715 5.35937450 9.01528407 9.76848523 10.42145916 10.78829340 11.24840904 11.64549813
1.65430674 -16.81784988 -13.28503631 -12.71897937 -11.20450857 -9.35197333 -7.38184756 -3.19558048 -1.22992172 -0.61634047 5.26977039 9.03799477 9.71620512 10.44484176 10.78861300 11.24648972 11.68821690
1.67551580 -16.83114388 -13.17785044 -12.79045962 -11.24550057 -9.35145370 -7.33932664 -3.17513199 -1.34434669 -0.50436803 5.17889379 9.05151767 9.66132129 10.46127509 10.78294146 11.24066073 11.72533778
1.68612033 -16.83767754 -13.20065310 -12.77728539 -11.23473813 -9.35354571 -7.31398811 -3.16589877 -1.31931744 -0.52901911 5.13163215 9.06125004 9.62810968 10.46782632 10.78557440 11.24341454 11.72562930
1.69672486 -16.84419280 -13.22541945 -12.76648343 -11.21741555 -9.35701009 -7.28592234 -3.15732094 -1.29903494 -0.54810343 5.08413552 9.06817722 9.59503700 10.47376997 10.78663499 11.24503666 11.72328603
1.70732939 -16.85068405 -13.25105402 -12.75910896 -11.19358449 -9.36180730 -7.25517405 -3.14937509 -1.28421157 -0.56095113 5.03644398 9.07159539 9.56285097 10.47909964 10.78617131 11.24558403 11.71830447
1.71793392 -16.85714679 -13.27686228 -12.75568160 -11.16343589 -9.36788825 -7.22179694 -3.14203734 -1.27540157 -0.56705085 4.98859773 9.07062967 9.53246878 10.48379996 10.78423544 11.24511588 11.71069407
1.72853845 -16.86357759 -13.30239853 -12.75635491 -11.12728255 -9.37519590 -7.18585205 -3.13528354 -1.27287807 -0.56617268 4.94063702 9.06427721 9.50493393 10.48784469 10.78088471 11.24369343 11.70047809
1.73914298 -16.86997409 -13.32737187 -12.76103869 -11.08553097 -9.38366696 -7.14740621 -3.12908925 -1.27655839 -0.55844269 4.89260208 9.05153929 9.48128394 10.49119419 10.77618361 11.24137946 11.68769470
1.74974751 -16.87633491 -13.35158984 -12.76948822 -11.03864834 -9.39323349 -7.10653040 -3.12342991 -1.28601722 -0.54432977 4.84453301 9.03164222 9.46232926 10.49379226 10.77020621 11.23823794 11.67239805
1.76035204 -16.88265963 -13.37492471 -12.78137005 -10.98713059 -9.40382433 -7.06329843 -3.11828093 -1.30058165 -0.52455042 4.79646976 9.00425939 9.44843089 10.49556213 10.76303951 11.23433368 11.65465953
1.77095657 -16.88894870 -13.39729295 -12.79630948 -10.93147539 -9.41536643 -7.01778559 -3.11361775 -1.31946118 -0.49993873 4.74845203 8.96959412 9.43941715 10.49640161 10.75478752 11.22973188 11.63456904
1.78156110 -16.89520342 -13.41864239 -12.81392330 -10.87216218 -9.42778603 -6.97006763 -3.10941593 -1.34186210 -0.47133197 4.70051919 8.92826656 9.43469620 10.49617731 10.74557632 11.22449778 11.61223644
1.79216563 -16.90142583 -13.43894420 -12.83384078 -10.80963918 -9.44100951 -6.92021982 -3.10565127 -1.36706079 -0.43949709 4.65271024 8.88109573 9.43347337 10.49471851 10.73555960 11.21869635 11.58779293
1.80277016 -16.90761863 -13.45818770 -12.85571576 -10.74431645 -9.45496422 -6.86831627 -3.10229989 -1.39443671 -0.40509783 4.60506375 8.82890799 9.43494171 10.49181156 10.72492364 11.21239191 11.56139249
1.81337469 -16.91378516 -13.47637701 -12.87923240 -10.67656342 -9.46957901 -6.81442935 -3.09933826 -1.42347739 -0.36868957 4.55761774 8.77243113 9.43838696 10.48719714 10.71389000 11.20564790 11.53321314
1.82397922 -16.91992925 -13.49352896 -12.90410657 -10.60670957 -9.48478457 -6.75862934 -3.09674334 -1.45376879 -0.33072891 4.51040970 8.71226151 9.44321887 10.48057361 10.70271242 11.19852657 11.50345795
1.83458375 -16.92605515 -13.50967182 -12.93008453 -10.53504702 -9.50051368 -6.70098414 -3.09449264 -1.48498007 -0.29158889 4.46347647 8.64887115 9.44896237 10.47161088 10.69166420 11.19108876 11.47235554
1.84518828 -16.93216747 -13.52484462 -12.95694000 -10.46183417 -9.51670114 -6.64155915 -3.09256423 -1.51684790 -0.25157457 4.41685422 8.58262919 9.45523376 10.45997734 10.68101362 11.18339362 11.44015989
1.85579281 -16.93827109 -13.53909702 -12.98447033 -10.38729995 -9.53328354 -6.58041719 -3.09093689 -1.54916235 -0.21093710 4.37057836 8.51382491 9.46171476 10.44537800 10.67099000 11.17549835 11.40714913
1.86639734 -16.94437101 -13.55248946 -13.01249234 -10.31164828 -9.55019854 -6.51761857 -3.08959011 -1.58175529 -0.16988524 4.32468353 8.44268737 9.46812891 10.42759450 10.66175005 11.16745772 11.37362297
1.87700187 -16.95047236 -13.56509381 -13.04083787 -10.23506307 -9.56738355 -6.45322117 -3.08850416 -1.61449104 -0.12859462 4.27920350 8.36940081 9.47422110 10.40651456 10.65335779 11.15932346 11.33989875
1.88760640 -16.95658022 -13.57699417 -13.06934946 -10.15771423 -9.58477291 -6.38728054 -3.08766011 -1.64725914 -0.08721492 4.23417118 8.29411620 9.47973940 10.38214284 10.64578641 11.15114303 11.30630603
1.89821093 -16.96269960 -13.58828816 -13.09787598 -10.07976661 -9.60229171 -6.31985009 -3.08703992 -1.67996869 -0.04587543 4.18961853 8.21695969 9.48441792 10.35459652 10.63893948 11.14295729 11.27318040
1.90881547 -16.96883534 -13.59908833 -13.12626833 -10.00139805 -9.61984022 -6.25098133 -3.08662641 -1.71254400 -0.00468929 4.14557654 8.13803889 9.48795940 10.32409614 10.63268090 11.13479547 11.24085837
1.91942000 -16.97499200 -13.60952390 -13.15437533 -9.92284809 -9.63724727 -6.18072400 -3.08640336 -1.74492127 0.03624328 4.10207517 8.05744744 9.49001653 10.29096219 10.62686287 11.12666312 11.20967837
1.93002453 -16.98117384 -13.61974235 -13.18203982 -9.84460639 -9.65408357 -6.10912636 -3.08635545 -1.77704602 0.07683253 4.05914333 7.97526842 9.49017156 10.25562210 10.62134652 11.11850877 11.18000312
1.94062906 -16.98738473 -13.62991095 -13.20909532 -9.76864343 -9.66843254 -6.03623541 -3.08646833 -1.80887110 0.11699728 4.01680887 7.89157688 9.48791482 10.21862601 10.61601421 11.11011235 11.15232132
1.95123359 -16.99362807 -13.64021732 -13.23536368 -9.71485660 -9.66044549 -5.96209709 -3.08672859 -1.84035514 0.15666355 3.97509846 7.80644182 9.48262529 10.18066508 10.61077580 11.10063725 11.12768821
1.96183812 -16.99990677 -13.65086854 -13.26065446 -9.71820070 -9.59521221 -5.88675659 -3.08712379 -1.87146140 0.19576347 3.93403767 7.71992768 9.47356029 10.14258203 10.60557065 11.08741470 11.10893671
1.97244265 -17.00622314 -13.66208765 -13.28476711 -9.73357680 -9.51787300 -5.81025851 -3.08764242 -1.90215680 0.23423451 3.89365086 7.63209548 9.45986687 10.10535924 10.60036733 11.06907755 11.09754287
1.98304718 -17.01257891 -13.67410640 -13.30749696 -9.75051349 -9.43893827 -5.73264718 -3.08827394 -1.93241122 0.27201891 3.85396119 7.54300384 9.44063197 10.07006657 10.59516174 11.04946790 11.08972064
1.99365171 -17.01897517 -13.68715354 -13.32864585 -9.76782426 -9.35963180 -5.65396682 -3.08900868 -1.96219693 0.30906326 3.81499060 7.45270970 9.41498344 10.03775667 10.58997423 11.03076334 11.08330081
2.00425624 -17.02541233 -13.70143875 -13.34803717 -9.78520247 -9.28029635 -5.57426187 -3.08983787 -1.99148819 0.34531820 3.77675977 7.36126900 9.38223266 10.00931774 10.58484599 11.01351345 11.07770169
2.01486077 -17.03189008 -13.71713414 -13.36553348 -9.80252398 -9.20109155 -5.49357714 -3.09075361 -2.02026088 0.38073828 3.73928815 7.26873723 9.34201454 9.98532842 10.57983484 10.99782481 11.07275237
2.02546530 -17.03840741 -13.73435702 -13.38105289 -9.81972227 -9.12211924 -5.41195813 -3.09174876 -2.04849228 0.41528181 3.70259387 7.17516993 9.29436216 9.96597835 10.57501069 10.98366771 11.06839429
2.03606983 -17.04496258 -13.75315847 -13.39457974 -9.83675423 -9.04345803 -5.32945126 -3.09281699 -2.07616085 0.44891080 3.66669381 7.08062309 9.23967940 9.95109134 10.57045103 10.97096044 11.06460495
2.04667436 -17.05155312 -13.77352104 -13.40616618 -9.85358819 -8.96517563 -5.24610410 -3.09395263 -2.10324612 0.48159100 3.63160355 6.98515364 9.17863223 9.94023060 10.56623653 10.95960041 11.06137379
2.05727889 -17.05817581 -13.79536614 -13.41592416 -9.87019890 -8.88733414 -5.16196569 -3.09515065 -2.12972860 0.51329186 3.59733738 6.88881976 9.11201567 9.93282923 10.56244718 10.94947888 11.05869311
2.06788342 -17.06482672 -13.81856843 -13.42401048 -9.88656521 -8.80999264 -5.07708676 -3.09640656 -2.15558967 0.54398658 3.56390830 6.79168124 9.04064484 9.92829740 10.55915894 10.94048912 11.05655449
2.07848795 -17.07150120 -13.84297290 -13.43060917 -9.90266881 -8.73320868 -4.99152009 -3.09771634 -2.18081161 0.57365219 3.53132801 6.69379990 8.96528822 9.92608797 10.55644108 10.93253103 11.05494723
2.08909248 -17.07819390 -13.86841079 -13.43591507 -9.91849353 -8.65703911 -4.90532080 -3.09907632 -2.20537755 0.60226951 3.49960696 6.59523988 8.88663781 9.92572568 10.55435420 10.92551371 11.05385796
2.09969701 -17.08489882 -13.89471195 -13.44012111 -9.93402496 -8.58154071 -4.81854668 -3.10048302 -2.22927146 0.62982325 3.46875431 6.49606798 8.80530301 9.92681309 10.55294872 10.91935654 11.05327069
2.11030154 -17.09160929 -13.92171298 -13.44340971 -9.94925010 -8.50677055 -4.73125863 -3.10193308 -2.25247822 0.65630200 3.43877798 6.39635405 8.72181666 9.92902464 10.55226402 10.91398927 11.05316721
2.12090607 -17.09831804 -13.94926179 -13.44594802 -9.96415720 -8.43278633 -4.64352102 -3.10342299 -2.27498358 0.68169824 3.40968468 6.29617133 8.63664557 9.93209634 10.55232786 10.90935150 11.05352756
2.13151060 -17.10501723 -13.97721933 -13.44788583 -9.97873562 -8.35964653 -4.55540226 -3.10494894 -2.29677422 0.70600829 3.38147989 6.19559680 8.55020170 9.93581489 10.55315619 10.90539174 11.05433059
2.14211513 -17.11169849 -14.00545963 -13.44935537 -9.99297572 -8.28741064 -4.46697530 -3.10650652 -2.31783776 0.72923229 3.35416790 6.09471156 8.46285235 9.94000800 10.55475313 10.90206626 11.05555441
2.15271966 -17.11835295 -14.03386886 -13.45047200 -10.00686872 -8.21613919 -4.37831836 -3.10809038 -2.33816280 0.75137411 3.32775187 5.99360122 8.37492854 9.94453627 10.55711125 10.89933797 11.05717691
2.16332419 -17.12497129 -14.06234398 -13.45133556 -10.02040668 -8.14589387 -4.28951578 -3.10969376 -2.35773887 0.77244126 3.30223382 5.89235631 8.28673190 9.94928675 10.56021196 10.89717522 11.05917606
2.17392872 -17.13154380 -14.09079122 -13.45203170 -10.03358242 -8.07673752 -4.20065905 -3.11130782 -2.37655644 0.79244472 3.27761466 5.79107271 8.19854000 9.95416782 10.56402600 10.89555070 11.06153020
2.18453325 -17.13806043 -14.11912467 -13.45263336 -10.04638943 -8.00873415 -4.11184824 -3.11292079 -2.39460682 0.81139880 3.25389423 5.68985206 8.11061060 9.95910522 10.56851415 10.89444056 11.06421821
2.19513778 -17.14451084 -14.14726504 -13.45320198 -10.05882185 -7.94194888 -4.02319397 -3.11451651 -2.41188205 0.82932096 3.23107135 5.58880227 8.02318485 9.96403892 10.57362800 10.89382346 11.06721956
2.20574232 -17.15088443 -14.17513861 -13.45378867 -10.07087441 -7.87644791 -3.93482030 -3.11607232 -2.42837472 0.84623157 3.20914379 5.48803794 7.93648988 9.96892062 10.57931091 10.89367991 11.07051429
2.21634685 -17.15717044 -14.20267629 -13.45443520 -10.08254236 -7.81229837 -3.84686914 -3.11755536 -2.44407756 0.86215369 3.18810834 5.38768096 7.85074070 9.97371174 10.58549899 10.89399153 11.07408298
2.22695138 -17.16335795 -14.22981300 -13.45517486 -10.09382148 -7.74956828 -3.75950769 -3.11891625 -2.45898305 0.87711281 3.16796083 5.28786095 7.76614177 9.97838186 10.59212237 10.89474050 11.07790652
2.23755591 -17.16943600 -14.25648705 -13.45603324 -10.10470800 -7.68832634 -3.67294177 -3.12007702 -2.47308260 0.89113655 3.14869612 5.18871586 7.68288813 9.98290729 10.59910640 10.89590896 11.08196599
2.24816044 -17.17539358 -14.28263979 -13.45702884 -10.11519857 -7.62864181 -3.58744189 -3.12090676 -2.48636544 0.90425443 3.13030815 5.09039252 7.60116634 9.98727002 10.60637311 10.89747846 11.08624236
2.25876497 -17.18121971 -14.30821521 -13.45817374 -10.12529026 -7.57058431 -3.50339985 -3.12116731 -2.49881691 0.91649754 3.11278995 4.99304723 7.52115518 9.99145668 10.61384271 10.89942943 11.09071627
2.26936950 -17.18690351 -14.33315980 -13.45947411 -10.13498047 -7.51422362 -3.42146714 -3.12037810 -2.51041580 0.92789823 3.09613363 4.89684634 7.44302622 9.99545782 10.62143509 10.90174060 11.09536771
2.27997403 -17.19243421 -14.35742231 -13.46093071 -10.14426694 -7.45962947 -3.34294319 -3.11743279 -2.52113008 0.93848986 3.08033045 4.80196677 7.36694420 9.99926712 10.62907147 10.90438848 11.10017578
2.29057856 -17.19780124 -14.38095370 -13.46253943 -10.15314771 -7.40687131 -3.27099252 -3.10938961 -2.53090992 0.94830647 3.06537079 4.70859665 7.29306740 10.00288084 10.63667594 10.90734686 11.10511834
2.30118309 -17.20299424 -14.40370705 -13.46429172 -10.16162111 -7.35601804 -3.21371534 -3.08841332 -2.53967561 0.95738252 3.05124417 4.61693573 7.22154783 10.00629729 10.64417693 10.91058634 11.11017182
2.31178762 -17.20800312 -14.42563752 -13.46617509 -10.16968570 -7.30713781 -3.18133778 -3.04460700 -2.54729604 0.96575257 3.03793933 4.52719582 7.15253142 10.00951641 10.65150858 10.91407400 11.11531092
2.32239215 -17.21281810 -14.44670235 -13.46817356 -10.17734028 -7.26029770 -3.16826379 -2.98400129 -2.55354782 0.97345105 3.02544423 4.43960113 7.08615813 10.01253938 10.65861185 10.91777324 11.12050843
2.33299668 -17.21742974 -14.46686088 -13.47026813 -10.18458384 -7.21556348 -3.16332293 -2.91838788 -2.55803419 0.98051200 3.01374608 4.35438839 7.02256201 10.01536832 10.66543532 10.92164378 11.12573511
2.34360121 -17.22182897 -14.48607454 -13.47243726 -10.19141556 -7.17299934 -3.16157520 -2.85368242 -2.56001715 0.98696884 3.00283146 4.27180679 6.96187117 10.01800603 10.67193579 10.92564193 11.13095958
2.35420574 -17.22600715 -14.50430686 -13.47465730 -10.19783478 -7.13266761 -3.16125587 -2.79332035 -2.55807655 0.99285409 2.99268634 4.19211769 6.90420782 10.02045578 10.67807835 10.92972105 11.13614836
2.36481027 -17.22995605 -14.52152353 -13.47690301 -10.20384100 -7.09462849 -3.16165126 -2.74092172 -2.54956877 0.99819926 2.98329619 4.11559389 6.84968813 10.02272111 10.68383625 10.93383225 11.14126597
2.37541480 -17.23366790 -14.53769241 -13.47914802 -10.20943380 -7.05893976 -3.16242598 -2.70090040 -2.53068919 1.00303456 2.97464613 4.04251858 6.79842219 10.02480573 10.68919042 10.93792525 11.14627514
2.38601933 -17.23713544 -14.55278354 -13.48136527 -10.21461291 -7.02565658 -3.16340137 -2.67567631 -2.49947987 1.00738879 2.96672099 3.97318375 6.75051381 10.02671338 10.69412865 10.94194938 11.15113713
2.39662386 -17.24035185 -14.56676915 -13.48352749 -10.21937814 -6.99483116 -3.16447214 -2.66243632 -2.45914989 1.01128918 2.95950555 3.90788803 6.70606043 10.02844773 10.69864473 10.94585458 11.15581214
2.40722839 -17.24331087 -14.57962370 -13.48560766 -10.22372936 -6.96651253 -3.16557096 -2.65625923 -2.41498296 1.01476120 2.95298461 3.84693387 6.66515289 10.03001233 10.70273735 10.94959238 11.16025986
2.41783292 -17.24600674 -14.59132388 -13.48757942 -10.22766652 -6.94074635 -3.16665179 -2.65371428 -2.37075203 1.01782849 2.94714326 3.79062409 6.62787521 10.03141055 10.70640905 10.95311681 11.16444005
2.42843745 -17.24843424 -14.60184860 -13.48941753 -10.23118960 -6.91757465 -3.16768150 -2.65298924 -2.32859540 1.02051273 2.94196702 3.73925765 6.59430440 10.03264554 10.70966516 10.95638517 11.16831321
2.43904198 -17.25058866 -14.61117900 -13.49109822 -10.23429864 -6.89703560 -3.16863526 -2.65316517 -2.28974171 1.02283354 2.93744210 3.69312487 6.56451020 10.03372018 10.71251286 10.95935860 11.17184131
2.44964651 -17.25246588 -14.61929844 -13.49259959 -10.23699369 -6.87916339 -3.16949398 -2.65375885 -2.25496466 1.02480840 2.93355553 3.65250195 6.53855489 10.03463708 10.71496025 10.96200256 11.17498851
2.46025104 -17.25406229 -14.62619252 -13.49390196 -10.23927481 -6.86398798 -3.17024276 -2.65450296 -2.22479849 1.02645261 2.93029548 3.61764517 6.51649297 10.03539858 10.71701570 10.96428713 11.17772185
2.47085557 -17.25537485 -14.63184903 -13.49498812 -10.24114210 -6.85153502 -3.17086995 -2.65524286 -2.19963612 1.02777920 2.92765138 3.58878484 6.49837102 10.03600670 10.71868714 10.96618717 11.18001197
2.48146010 -17.25640107 -14.63625797 -13.49584364 -10.24259562 -6.84182566 -3.17136657 -2.65588629 -2.17977411 1.02879890 2.92561419 3.56611936 6.48422748 10.03646314 10.71998163 10.96768239 11.18183367
2.49206464 -17.25713901 -14.63941156 -13.49645708 -10.24363546 -6.83487650 -3.17172592 -2.65637750 -2.16543336 1.02952015 2.92417653 3.54980964 6.47409243 10.03676932 10.72090497 10.96875737 11.18316651
2.50266917 -17.25758727 -14.64130417 -13.49682016 -10.24426167 -6.83069942 -3.17194336 -2.65668364 -2.15676824 1.02994902 2.92333289 3.53997439 6.46798747 10.03692630 10.72146142 10.96940151 11.18399518
2.51327370 -17.25774503 -14.64193237 -13.49692787 -10.24447430 -6.82930164 -3.17201616 -2.65678736 -2.15387043 1.03008923 2.92307975 3.53668634 6.46592563 10.03693487 10.72165350 10.96960899 11.18430986
2.53164128 -17.26017149 -14.66215147 -13.47658610 -10.24376594 -6.82840161 -3.17701945 -2.66132829 -2.15267893 1.03971094 2.92788376 3.53971968 6.46694516 10.03282894 10.71610064 10.96420938 11.18016334
2.55000887 -17.26749400 -14.71894148 -13.41935063 -10.24166523 -6.82568927 -3.19195508 -2.67480697 -2.14914087 1.06833481 2.94232980 3.54880515 6.47005214 10.02034716 10.69928553 10.94831582 11.16773754
2.56837646 -17.27965926 -14.80363270 -13.33383595 -10.23815033 -6.82116967 -3.21660677 -2.69680874 -2.14334052 1.11540124 2.96627094 3.56391841 6.47522509 9.99947367 10.67106641 10.92214378 11.14714423
2.58674405 -17.29657761 -14.90747047 -13.22870532 -10.23318634 -6.81485116 -3.25061794 -2.72672171 -2.13539940 1.18003844 2.99946889 3.58501724 6.48242799 9.97018071 10.63123838 10.88603780 11.11855361
2.60511163 -17.31812298 -15.02380551 -13.11048164 -10.22672675 -6.80674513 -3.29350085 -2.76382545 -2.12545928 1.26113789 3.04160186 3.61204072 6.49160977 9.93243237 10.57957406 10.84044960 11.08217231
2.62347922 -17.34413297 -15.14811343 -12.98352951 -10.21871546 -6.79686575 -3.34465359 -2.80737342 -2.11367084 1.35743593 3.09227459 3.64490817 6.50270375 9.88618909 10.51588416 10.78589447 11.03822238
2.64184681 -17.37440903 -15.27738750 -12.85066468 -10.20908911 -6.78522949 -3.40338563 -2.85665366 -2.10018888 1.46758840 3.15102961 3.68351781 6.51562679 9.83141253 10.44009046 10.72289014 10.98692538
2.66021440 -17.40871679 -15.40959129 -12.71370393 -10.19777967 -6.77185474 -3.46894997 -2.91102348 -2.08517162 1.59023027 3.21735900 3.72774532 6.53027835 9.76806978 10.35229332 10.65189575 10.92849244
2.67858198 -17.44678668 -15.54329083 -12.57383608 -10.18471719 -6.75676122 -3.54057763 -2.96992175 -2.06878147 1.72401759 3.29071572 3.77744233 6.54653935 9.69613616 10.25281415 10.57327281 10.86311909
2.69694957 -17.48831475 -15.67742795 -12.43185223 -10.16983247 -6.73996943 -3.61750973 -3.03286604 -2.05118547 1.86765306 3.37052419 3.83243492 6.56427085 9.61559560 10.14220405 10.48727977 10.79098279
2.71531716 -17.53296394 -15.81118395 -12.28828616 -10.15305972 -6.72150003 -3.69902352 -3.09944185 -2.03255489 2.01989840 3.45618938 3.89252231 6.58331243 9.52643774 10.02122584 10.39409507 10.71224197
2.73368475 -17.58036561 -15.94389749 -12.14350101 -10.13433890 -6.70137324 -3.78445051 -3.16928951 -2.01306389 2.17957736 3.54710447 3.95747571 6.60348035 9.42865156 9.89082531 10.29385391 10.62703596
2.75205233 -17.63012159 -16.07501500 -11.99774373 -10.11361783 -6.67960820 -3.87318669 -3.24209207 -1.99288760 2.34557280 3.64265684 4.02703758 6.62456516 9.32221647 9.75210489 10.18668441 10.53548619
2.77041992 -17.68180651 -16.20406069 -11.85118038 -10.09085391 -6.65622237 -3.96469607 -3.31756548 -1.97219981 2.51682038 3.74223239 4.10092136 6.64632867 9.20709437 9.60630323 10.07273590 10.43769889
2.78878751 -17.73497080 -16.33061855 -11.70391963 -10.06601550 -6.63123097 -4.05850929 -3.39545123 -1.95117052 2.69230079 3.84521835 4.17881172 6.66849983 9.08323108 9.45477411 9.95219780 10.33376968
2.80715510 -17.78914398 -16.45432189 -11.55602887 -10.03908286 -6.60464648 -4.15421892 -3.47551108 -1.92996369 2.87103168 3.95100465 4.26036561 6.69076911 8.95058232 9.29894843 9.82531091 10.22378995
2.82552268 -17.84383865 -16.57484750 -11.40754570 -10.01004865 -6.57647820 -4.25147309 -3.55752338 -1.90873505 3.05205979 4.05898390 4.34521402 6.71278018 8.80918284 9.14025920 9.69237376 10.10785474
2.84389027 -17.89855498 -16.69191279 -11.25848633 -9.97891809 -6.54673190 -4.34996835 -3.64128035 -1.88763024 3.23445359 4.16855014 4.43296484 6.73411766 8.65926639 8.98002177 9.55374645 9.98607174
2.86225786 -17.95278574 -16.80527459 -11.10885219 -9.94570860 -6.51540960 -4.44944245 -3.72658606 -1.86678335 3.41729624 4.27909632 4.52320662 6.75428832 8.50140781 8.81929932 9.40985383 9.85857066
2.88062544 -18.00602202 -16.91472892 -10.95863531 -9.91044892 -6.48250945 -4.54966768 -3.81325481 -1.84631567 3.59967838 4.39001071 4.61551369 6.77269124 8.33661833 8.65882604 9.26118984 9.72551272
2.89899303 -18.05775949 -17.02011107 -10.80782330 -9.87317760 -6.44802578 -4.65044468 -3.90110970 -1.82633484 3.78069012 4.50067222 4.70945241 6.78856939 8.16633848 8.49905087 9.10832435 9.58709992
2.91736062 -18.10750517 -17.12129568 -10.65640462 -9.83394027 -6.41194920 -4.75159717 -3.98998147 -1.80693434 3.95941071 4.61044533 4.80458863 6.80092814 7.99235260 8.34029101 8.95191466 9.44358375
2.93572821 -18.15478465 -17.21819663 -10.50437543 -9.79278482 -6.37426697 -4.85296728 -4.07970731 -1.78819318 4.13489414 4.71867540 4.90049589 6.80839387 7.81672063 8.18292526 8.79272414 9.29527358
2.95409579 -18.19914961 -17.31076648 -10.35175062 -9.74975196 -6.33496346 -4.95441171 -4.17012992 -1.77017589 4.30614697 4.82468643 4.99676363 6.80896176 7.64183158 8.02757085 8.63165260 9.14254468
2.97246338 -18.24018551 -17.39899553 -10.19858604 -9.70485437 -6.29402077 -5.05579843 -4.26109660 -1.75293271 4.47209262 4.92778496 5.09300436 6.79954665 7.47066604 7.87523883 8.46978545 8.98584625
2.99083097 -18.27751926 -17.48291039 -10.04503338 -9.65802296 -6.25141954 -5.15700401 -4.35245845 -1.73649991 4.63151180 5.02727546 5.18885872 6.77526187 7.30731679 7.72748683 8.30847341 8.82571002
3.00919856 -18.31082667 -17.56257212 -9.89151075 -9.60893736 -6.20713989 -5.25791145 -4.44406971 -1.72090024 4.78294121 5.12249554 5.28399883 6.72882001 7.15739150 7.58654235 8.14946029 8.66276017
3.02756614 -18.33983970 -17.63807393 -9.73942175 -9.55630786 -6.16116262 -5.35840830 -4.53578716 -1.70614351 4.92450167 5.21288082 5.37813107 6.65247572 7.02608950 7.45518120 7.99507776 8.49772648
3.04593373 -18.36435332 -17.70953824 -9.59574088 -9.49329094 -6.11347062 -5.45838517 -4.62746974 -1.69222710 5.05362465 5.29806021 5.47099563 6.54540249 6.91167343 7.33578811 7.84849718 8.33146376
3.06430132 -18.38423212 -17.77711311 -9.49157229 -9.38893148 -6.06405070 -5.55773406 -4.71897809 -1.67913664 5.16671340 5.37789709 5.56234028 6.41752209 6.80394468 7.22818841 7.71388508 8.16498493
3.08266891 -18.39941693 -17.84096753 -9.42675172 -9.24356171 -6.01289704 -5.65634569 -4.81017440 -1.66684654 5.25906581 5.45205214 5.65180140 6.28197257 6.69444969 7.12801048 7.59593620 7.99952510
3.10103649 -18.40993212 -17.90128485 -9.37038379 -9.08826472 -5.96002315 -5.75409840 -4.90092212 -1.65532055 5.32567482 5.51817926 5.73853987 6.15016817 6.58220588 7.02898335 7.49801270 7.83668674
3.11940408 -18.41589489 -17.95825292 -9.31570950 -8.93000770 -5.90564786 -5.85067352 -4.99108589 -1.64451229 5.36229313 5.56870255 5.82009057 6.03485505 6.47129760 6.92794026 7.41939538 7.67884092
3.13777167 -18.41752962 -18.01204789 -9.26149393 -8.77025487 -5.94709687 -5.84865524 -5.08053129 -1.63436565 5.36486714 5.58863348 5.88393066 5.96170642 6.36872028 6.82676515 7.35363367 7.53057020
3.15613926 -18.41519393 -18.06280480 -9.20748050 -8.60951356 -6.04164423 -5.79069113 -5.16912442 -1.62481516 5.32950530 5.56496875 5.88256018 5.98322632 6.28609388 6.72985665 7.28504565 7.40463684
3.17450684 -18.40943279 -18.11055868 -9.15367786 -8.44804756 -6.13504577 -5.73096155 -5.25673060 -1.61578627 5.25746111 5.50735873 5.86037719 6.02402849 6.24298431 6.64064872 7.18927683 7.32377174
3.19287443 -18.40110309 -18.15511373 -9.10019103 -8.28604581 -6.22711740 -5.66960823 -5.34320907 -1.60719551 5.15876507 5.43088862 5.81829268 6.04773425 6.25018409 6.55963284 7.07907089 7.27566807
3.21124202 -18.39168400 -18.19572510 -9.04716750 -8.12367583 -6.31774536 -5.60675750 -5.42838085 -1.59895066 5.04567630 5.34009487 5.75246417 6.06515592 6.28515461 6.48510665 6.97819685 7.23846977
3.22960961 -18.38405032 -18.23031614 -8.99477581 -7.96110444 -6.40682415 -5.54352432 -5.51108790 -1.59095080 4.92672213 5.23658745 5.67553844 6.07893524 6.31831315 6.42113958 6.89535705 7.20505721
3.24797719 -18.38375300 -18.25418710 -8.94319517 -7.79850718 -6.49425019 -5.59540058 -5.47581163 -1.58308632 4.80679927 5.12272249 5.59766157 6.08199039 6.30283093 6.40680648 6.83175694 7.17320233
3.26634478 -18.39719261 -18.26182934 -8.89260937 -7.63607394 -6.57991972 -5.67603270 -5.40889654 -1.57523903 4.68874404 5.00141424 5.52407931 6.06203336 6.25367079 6.43420027 6.78393113 7.14217775
3.28471237 -18.42375741 -18.25477373 -8.84320243 -7.47401494 -6.66372529 -5.75509224 -5.34067921 -1.56728224 4.57434513 4.87559808 5.45719773 6.00970632 6.22055850 6.46295651 6.74640873 7.11190619
3.30307996 -18.45779866 -18.23960062 -8.79515490 -7.31257526 -6.74554399 -5.83233717 -5.27142462 -1.55908104 4.46483610 4.74794144 5.39785886 5.93511138 6.20255327 6.48556034 6.71413525 7.08263382
3.32144754 -18.49556879 -18.22098597 -8.74864043 -7.15210420 -6.82517291 -5.90761850 -5.20131376 -1.55049278 4.36111606 4.62074359 5.34595063 5.85376339 6.18796613 6.49972182 6.68368714 7.05471889
3.33981513 -18.53546964 -18.20143689 -8.70382245 -6.99412263 -6.90127315 -5.98078256 -5.13052802 -1.54136783 4.26383885 4.49594178 5.30068231 5.77455678 6.17060779 6.50349859 6.65371949 7.02845498
3.35818272 -18.57687474 -18.18245263 -8.66085076 -6.98063816 -6.83208698 -6.05162752 -5.05925753 -1.53155074 4.17343135 4.37517272 5.26070997 5.70234942 6.14795177 6.49441763 6.62499611 7.00394545
3.37655031 -18.61954363 -18.16509368 -8.61985838 -7.05307442 -6.67661949 -6.11978877 -4.98770136 -1.52088190 4.09005449 4.25987401 5.22426168 5.64036164 6.11896795 6.47034039 6.59912198 6.98106408
3.39491789 -18.66338556 -18.15020176 -8.58095851 -7.12382243 -6.52362200 -6.18420198 -4.91606566 -1.50919956 4.01347510 4.15145796 5.18941767 5.59089509 6.08330429 6.43187759 6.57583466 6.95950200
3.41328548 -18.70836022 -18.13848383 -8.54424185 -7.19226492 -6.38083669 -6.23783246 -4.84456110 -1.49634256 3.94273572 4.05167469 5.15461476 5.55518583 6.04101106 6.38232710 6.55284056 6.93886005
3.43165307 -18.75443230 -18.13054337 -8.50977452 -7.25826392 -6.33599535 -6.19318734 -4.77340011 -1.48215336 3.87545975 3.96333212 5.11915785 5.53297192 5.99247094 6.32517634 6.52817044 6.91874017
3.45002066 -18.80154929 -18.12689032 -8.47759656 -7.32174166 -6.38498187 -6.05457113 -4.70279391 -1.46648159 3.80772072 3.89044893 5.08331309 5.52230217 5.93843409 6.26314864 6.50109347 6.89881265
3.46838824 -18.84963016 -18.12794218 -8.44772135 -7.38264069 -6.43982703 -5.91012997 -4.63294980 -1.44918784 3.73784528 3.83447500 5.04787576 5.51968538 5.88014519 6.19854380 6.47185813 6.87885801
3.48675583 -18.89855997 -18.13402174 -8.42013587 -7.44091572 -6.49365497 -5.76691305 -4.56406868 -1.43014757 3.66876787 3.79196372 5.01357468 5.52015897 5.81958407 6.13376559 6.44139454 6.85879177
3.50512342 -18.94818785 -18.14535422 -8.39480199 -7.49653132 -6.54546272 -5.62609550 -4.49634301 -1.40925500 3.60349185 3.75914310 4.98064366 5.51699964 5.75974943 6.07182656 6.41119429 6.83868195
3.52349101 -18.99832729 -18.16206504 -8.37165852 -7.54946124 -6.59495526 -5.48814469 -4.42995529 -1.38642681 3.54331819 3.73372443 4.94859636 5.50201061 5.70419857 6.01670292 6.38330164 6.81876851
3.54185859 -19.04875810 -18.18417902 -8.35062425 -7.59968816 -6.64201575 -5.35335125 -4.36507716 -1.36160555 3.48854057 3.71424861 4.91612207 5.46933550 5.65382074 5.97280439 6.36029695 6.79949549
3.56022618 -19.09922951 -18.21162139 -8.33160140 -7.64720366 -6.68659382 -5.22194238 -4.30186907 -1.33476268 3.43898744 3.69958710 4.88108557 5.42114334 5.60376813 5.94250304 6.34506483 6.78156899
3.57859377 -19.14946430 -18.24422060 -8.31447966 -7.69200809 -6.72867180 -5.09411739 -4.24048037 -1.30590118 3.39426699 3.68873887 4.84073898 5.36495667 5.54904383 5.92361560 6.34005920 6.76605762
3.59696136 -19.19916376 -18.28171299 -8.29914025 -7.73411046 -6.76825202 -4.97006243 -4.18105004 -1.27505795 3.35388288 3.68075264 4.79231023 5.30675187 5.49006504 5.91124810 6.34603424 6.75454795
3.61532894 -19.24801311 -18.32374904 -8.28546001 -7.77352820 -6.80535116 -4.84995824 -4.12370757 -1.24230584 3.31729831 3.67469516 4.73392198 5.24861004 5.43075106 5.90203296 6.36096155 6.74932299
3.63369653 -19.29568754 -18.36990098 -8.27331517 -7.81028687 -6.83999726 -4.73398514 -4.06857413 -1.20775560 3.28397664 3.66963695 4.66532932 5.18944804 5.37533994 5.89569203 6.38016589 6.75337633
3.65206412 -19.34185856 -18.41967126 -8.26258460 -7.84441975 -6.87222800 -4.62232658 -4.01576380 -1.17155783 3.25340904 3.66464664 4.58790061 5.12737314 5.32620210 5.89390798 6.39790727 6.76981269
3.67043171 -19.38620070 -18.47250166 -8.25315253 -7.87596733 -6.90208941 -4.51517184 -3.96538481 -1.13390486 3.22513321 3.65879284 4.50395391 5.06205802 5.28286166 5.89869045 6.40974436 6.80039014
3.68879929 -19.42839843 -18.52778248 -8.24491050 -7.90497687 -6.92963488 -4.41271788 -3.91754066 -1.09503276 3.19874532 3.65115558 4.41605693 4.99496113 5.24311885 5.91131680 6.41418957 6.84428195
3.70716688 -19.46815338 -18.58486145 -8.23775857 -7.93150180 -6.95492416 -4.31517054 -3.87233114 -1.05522332 3.17390671 3.64085021 4.32664342 4.92813597 5.20492882 5.93195328 6.41231283 6.89853916
3.72553447 -19.50519177 -18.64305195 -8.23160573 -7.95560142 -6.97802242 -4.22274476 -3.82985330 -1.01480580 3.15034695 3.62706626 4.23790818 4.86340321 5.16727292 5.95976150 6.40617212 6.95959333
3.74390206 -19.53927225 -18.70164023 -8.22636940 -7.97734063 -6.99899912 -4.13566391 -3.79020227 -0.97415825 3.12786459 3.60912399 4.15182767 4.80212770 5.13007290 5.99322910 6.39771938 7.02426779
3.76226964 -19.57019401 -18.75989124 -8.22197419 -7.99679005 -7.01792697 -4.05415787 -3.75347233 -0.93370804 3.10632704 3.58655260 4.07019415 4.74523384 5.09380265 6.03050281 6.38848710 7.09003229
3.78063723 -19.59780533 -18.81705303 -8.21834972 -8.01402658 -7.03488057 -3.97845986 -3.71975809 -0.89393088 3.08567059 3.55919602 3.99460168 4.69326715 5.05914595 6.06961231 6.37964901 7.15491651
3.79900482 -19.62201247 -18.87235945 -8.21542789 -8.02913421 -7.04993513 -3.90880152 -3.68915630 -0.85534787 3.06590109 3.52734483 3.92635930 4.64646322 5.02677814 6.10857132 6.37217207 7.21736504
3.81737241 -19.64278856 -18.92503170 -8.21313969 -8.04220507 -7.06316497 -3.84540615 -3.66176855 -0.81851969 3.04709515 3.49186065 3.86635704 4.60482542 4.99725044 6.14539268 6.36696195 7.27612176
3.83573999 -19.66018180 -18.97427911 -8.21141231 -8.05334015 -7.07464204 -3.78847944 -3.63770539 -0.78403717 3.02940100 3.45421155 3.81497185 4.56821082 4.97094277 6.17809349 6.36494708 7.33015258
3.85410758 -19.67432155 -19.01930088 -8.21016724 -8.06264897 -7.08443435 -3.73819733 -3.61709260 -0.75250769 3.01303682 3.41634191 3.77210723 4.53641339 4.94806000 6.20485421 6.36696664 7.37859704
3.87247517 -19.68541974 -19.05929137 -8.20932033 -8.07024745 -7.09260446 -3.69469038 -3.60008034 -0.72453682 2.99828392 3.38040217 3.73736263 4.50923109 4.92865644 6.22454364 6.37327097 7.42073875
3.89084276 -19.69376368 -19.09345263 -8.20878428 -8.07625342 -7.09920802 -3.65802449 -3.58685562 -0.70070569 2.98547129 3.34846517 3.71022530 4.48650851 4.91267707 6.23738308 6.38287228 7.45598777
3.90921034 -19.69969580 -19.12101922 -8.20847362 -8.08077988 -7.10429244 -3.62817909 -3.57765734 -0.68154477 2.97494960 3.32233889 3.69018704 4.46815508 4.90000603 6.24485149 6.39364922 7.48387017
3.92757793 -19.70357648 -19.14129880 -8.20831141 -8.08392686 -7.10789565 -3.60502679 -3.57279037 -0.66750606 2.96705509 3.30349474 3.67677028 4.45414556 4.89051421 6.24874301 6.40329654 7.50402210
3.94594552 -19.70573101 -19.15372782 -8.20823625 -8.08577317 -7.11004524 -3.58832586 -3.57262755 -0.65893640 2.96206910 3.29307075 3.66950005 4.44451172 4.88409996 6.25042163 6.41007560 7.51618654
3.96431310 -19.70638982 -19.15793307 -8.20820838 -8.08636941 -7.11075768 -3.57833309 -3.57699262 -0.65605492 2.96018290 3.29190218 3.66785956 4.43933296 4.88071973 6.25065643 6.41298266 7.52021157
