# E_F = -0.4224 eV
# k_dist  E1..E16 (eV absolute)
0.00000000 -20.72358395 -14.98453589 -12.84861644 -9.91521874 -8.39252915 -7.36222097 -1.50051711 -0.99189446 0.56349421 1.85761112 2.09440398 2.50558360 3.07312008 3.87159300 4.52036855 5.42136917
0.02073008 -20.72164841 -14.98226706 -12.84669795 -9.91644031 -8.39219101 -7.36348476 -1.50195005 -0.98808573 0.55250364 1.85902818 2.09702482 2.50975682 3.07560123 3.86913854 4.52081326 5.42151466
0.04146015 -20.71590011 -14.97547607 -12.84096727 -9.92010515 -8.39114611 -7.36729321 -1.50624498 -0.97663686 0.51981767 1.86320991 2.10321306 2.52306974 3.08368636 3.86178960 4.52227130 5.42194763
0.06219023 -20.70647461 -14.96427396 -12.83148291 -9.92620854 -8.38930358 -7.37368470 -1.51338308 -0.95752382 0.46624275 1.86949604 2.11348507 2.54477157 3.09710056 3.84982219 4.52518506 5.42267722
0.08292031 -20.69359354 -14.94884271 -12.81834166 -9.93474248 -8.38651591 -7.38272425 -1.52333365 -0.93071529 0.39298642 1.87693265 2.12851310 2.57379192 3.11536170 3.83379787 4.53020550 5.42372885
0.10365038 -20.67755842 -14.92943074 -12.80167760 -9.94569538 -8.38258445 -7.39450492 -1.53605613 -0.89618765 0.30151125 1.88453322 2.14878514 2.60896854 3.13774366 3.81469936 4.53808665 5.42515662
0.12438046 -20.65874205 -14.90634679 -12.78166068 -9.95905151 -8.37726663 -7.40914919 -1.55150433 -0.85395385 0.19341387 1.89156765 2.17429257 2.64920668 3.16321326 3.79409292 4.54957949 5.42705557
0.14511053 -20.63757785 -14.87995215 -12.75849473 -9.97479036 -8.37028453 -7.42681007 -1.56963308 -0.80412964 0.07037992 1.89773603 2.20439689 2.69354002 3.19033641 3.77429671 4.56534692 5.42957136
0.16584061 -20.61454728 -14.85065165 -12.73241518 -9.99288580 -8.36133401 -7.44767131 -1.59040692 -0.74712436 -0.06569169 1.90315814 2.23792683 2.74111527 3.21718106 3.75850885 4.58590836 5.43290613
0.18657069 -20.59016561 -14.81888340 -12.70368611 -10.01330510 -8.35009432 -7.47194621 -1.61381032 -0.68439051 -0.21196896 1.90824591 2.27341673 2.79114429 3.24134520 3.75075689 4.61160864 5.43732096
0.20730076 -20.56496650 -14.78510774 -12.67259697 -10.03600778 -8.33623747 -7.49987441 -1.63985850 -0.62322429 -0.35989218 1.91356758 2.30935924 2.84286883 3.26038934 3.75538481 4.64259916 5.44313629
0.22803084 -20.53948570 -14.74979562 -12.63945871 -10.06094429 -8.31943726 -7.53171630 -1.66860793 -0.62441454 -0.44751851 1.91975875 2.34440393 2.89557006 3.27285510 3.77589641 4.67882081 5.45073216
0.24876092 -20.51424434 -14.71341687 -12.60459960 -10.08805446 -8.29937781 -7.56774437 -1.70016571 -0.76635446 -0.39539927 1.92748042 2.37749465 2.94862983 3.27930867 3.81372640 4.71998416 5.46054983
0.26949099 -20.48973234 -14.67642867 -12.56836064 -10.11726586 -8.27576165 -7.60823149 -1.73469639 -0.94857098 -0.30303943 1.93740513 2.40796324 3.00162077 3.28232432 3.86805012 4.76554928 5.47309483
0.29022107 -20.46639234 -14.63926473 -12.53109079 -10.14849197 -8.24831809 -7.65343531 -1.77242572 -1.14373187 -0.19688049 1.95021366 2.43559454 3.05438289 3.28537566 3.93670538 4.81471278 5.48893924
0.31095114 -20.44460483 -14.60232549 -12.49314203 -10.18163028 -8.21681357 -7.70357796 -1.81364176 -1.34723177 -0.08070445 1.96659119 2.46066111 3.10704813 3.29170406 4.01720510 4.86641376 5.50871630
0.33168122 -20.42467479 -14.56596975 -12.45486449 -10.21656051 -8.18106963 -7.75881597 -1.85870215 -1.55719166 0.04438566 1.98721553 2.48391032 3.15999936 3.30379134 4.10724965 4.91937360 5.53309499
0.35241130 -20.40682043 -14.53050797 -12.41660161 -10.25314282 -8.14101051 -7.81917997 -1.90815090 -1.77219474 0.17783564 2.01273295 2.50648799 3.21377936 3.32332927 4.20485244 4.97218660 5.56271827
0.37314137 -20.39116439 -14.49619738 -12.37868573 -10.29121652 -8.09686401 -7.88436174 -1.99478189 -1.95878812 0.31922667 2.04371995 2.52980648 3.26898610 3.35141183 4.30831448 5.02347203 5.59809304
0.39387145 -20.37772776 -14.46323898 -12.34143398 -10.33059918 -8.05089535 -7.95197027 -2.21565498 -2.01932617 0.46815860 2.08063265 2.55539307 3.32621136 3.38874515 4.41616259 5.07207540 5.63944346
0.41460153 -20.36642712 -14.43177638 -12.30514462 -10.37108638 -8.04750113 -7.97743087 -2.44072415 -2.08327787 0.62420903 2.12375021 2.58476229 3.38611234 3.43571049 4.52707826 5.11727174 5.68657709
0.43533160 -20.35707481 -14.40189618 -12.27009390 -10.41245243 -8.12172109 -7.92547055 -2.66741105 -2.15261675 0.78691695 2.17312421 2.61933744 3.44963652 3.49222672 4.63980816 5.15890946 5.73883515
0.45606168 -20.34938239 -14.37362974 -12.23653342 -10.45445190 -8.20709624 -7.86226113 -2.89476781 -2.22763724 0.95577486 2.22855036 2.66041723 3.51803167 3.55777445 4.75302419 5.19748314 5.79516787
0.47679175 -20.34296725 -14.34695602 -12.20468782 -10.49682234 -8.29778448 -7.79330920 -3.12193074 -2.30849162 1.13022287 2.28958265 2.70916045 3.59226568 3.63196840 4.86505465 5.23423954 5.85430688
0.49752183 -20.33736210 -14.32180506 -12.17475276 -10.53928805 -8.39271948 -7.71930618 -3.34807014 -2.39524076 1.30964093 2.35560845 2.76655466 3.67241718 3.71513360 4.97329419 5.27158140 5.91496270
0.51825191 -20.33202714 -14.29806192 -12.14689298 -10.58156496 -8.49121888 -7.64053174 -3.57238488 -2.48786783 1.49333565 2.42599049 2.83334656 3.75777491 3.80816253 5.07295504 5.31416842 5.97598628
0.53898198 -20.32636440 -14.27557085 -12.12124033 -10.62336653 -8.59265137 -7.55719985 -3.79410414 -2.58629023 1.68051689 2.50025391 2.90994430 3.84757466 3.91173460 5.15584278 5.37005584 6.03647295
0.55971206 -20.31973377 -14.25413948 -12.09789146 -10.66441052 -8.69638625 -7.46952289 -4.01249085 -2.69037261 1.87025543 2.57826746 2.99633811 3.94144967 4.02582733 5.21487241 5.44615140 6.09581583
0.58044214 -20.31147027 -14.23354298 -12.07690528 -10.70442629 -8.80179059 -7.37772750 -4.22684578 -2.79993978 2.06140417 2.66037365 3.09209356 4.03920816 4.14990459 5.25303092 5.53927439 6.15372399
0.60117221 -20.30090197 -14.21352824 -12.05830013 -10.74316241 -8.90823770 -7.28205819 -4.43651146 -2.91478849 2.25244459 2.74748602 3.19643118 4.14051105 4.28320213 5.27831410 5.64128619 6.21021794
0.62190229 -20.28736798 -14.19381818 -12.04205086 -10.78039380 -9.01511788 -7.18277674 -4.64087576 -3.03469695 2.44118121 2.84126757 3.30835310 4.24469307 4.42485117 5.29621973 5.74672005 6.26560880
0.64263236 -20.27023596 -14.17411615 -12.02808622 -10.81592810 -9.12184882 -7.08016040 -4.83937473 -3.15943187 2.62417794 2.94455144 3.42675941 4.35061750 4.57392231 5.30992242 5.85281025 6.32046416
0.66336244 -20.24891874 -14.15411072 -12.01628712 -10.84961028 -9.22788455 -6.97449985 -5.03149442 -3.28875299 2.79616242 3.06181130 3.55051731 4.45646235 4.72944906 5.32196951 5.95812450 6.37556264
0.68409252 -20.22288953 -14.13348094 -12.00648615 -10.88132490 -9.33272261 -6.86609803 -5.21677097 -3.42241545 2.95137795 3.19770287 3.67847351 4.55939257 4.89042766 5.33552096 6.06183055 6.43184103
0.70482259 -20.19169544 -14.11190202 -11.99846919 -10.91099554 -9.43590954 -6.75527144 -5.39478762 -3.56017036 3.08894553 3.35159410 3.80940952 4.65519150 5.05572114 5.35537379 6.16337044 6.49033879
0.72555267 -20.15496887 -14.08905169 -11.99197927 -10.93858080 -9.53704482 -6.64235812 -5.56516433 -3.70176417 3.21434121 3.51594662 3.94193040 4.73834526 5.22341660 5.38899861 6.26231255 6.55214228
0.74628275 -20.11243673 -14.06461714 -11.98672275 -10.96406724 -9.63578335 -6.52774740 -5.72752534 -3.84693735 3.33322871 3.68226200 4.07425458 4.80383630 5.38392462 5.45221482 6.35829771 6.61832015
0.76701282 -20.06392713 -14.03830241 -11.98237778 -10.98745938 -9.73183698 -6.41200427 -5.88137158 -3.99542255 3.44805316 3.84411131 4.20386310 4.85133272 5.49488968 5.59089888 6.45107054 6.68982633
0.78774290 -20.00937367 -14.00983632 -11.97860417 -11.00876773 -9.82497492 -6.29670341 -6.02524326 -4.14694289 3.55816303 3.99637085 4.32710559 4.88873502 5.59527044 5.76442963 6.54060096 6.76735533
0.80847297 -19.94881709 -13.97898074 -11.97505420 -11.02799567 -9.91502349 -6.20831830 -6.13282712 -4.30121038 3.65992473 4.13420090 4.43961917 4.93104021 5.70939800 5.94324764 6.62724238 6.85120044
0.82920305 -19.88240447 -13.94553894 -11.97138325 -11.04512650 -10.00186509 -6.30411286 -6.04706115 -4.45792466 3.74607236 4.25350195 4.53968924 4.99405412 5.83510169 6.12379856 6.71180495 6.94124134
0.84993313 -19.81038601 -13.90936403 -11.96725974 -11.06011139 -10.08543652 -6.42260366 -5.92966881 -4.61677222 3.80550620 4.35495727 4.63247186 5.08486811 5.96906916 6.30451619 6.79549592 7.03712780
0.87066320 -19.73310947 -13.87036715 -11.96237357 -11.07285927 -10.16572656 -6.53445031 -5.81026551 -4.77742562 3.82686271 4.44839973 4.72481205 5.19907732 6.10879073 6.48367135 6.87987411 7.13856489
0.89139328 -19.65101259 -13.82852525 -11.95644281 -11.08322912 -10.24277293 -6.63834296 -5.69046955 -4.93954196 3.80608664 4.54546265 4.81789347 5.32828865 6.25246035 6.65861290 6.96707767 7.24556778
0.91212336 -19.56461357 -13.78388812 -11.94921831 -11.09102523 -10.31665831 -6.73407968 -5.57083132 -5.10275383 3.74862929 4.64850216 4.91062935 5.46595059 6.39870198 6.82476422 7.06057918 7.35864642
0.93285343 -19.47449997 -13.73658445 -11.94048623 -11.09599567 -10.38750561 -6.82167184 -5.45182671 -5.26656873 3.66361687 4.75084358 5.00474379 5.60807612 6.54636532 6.97469590 7.16600028 7.47890640
0.95358351 -19.38131632 -13.68682633 -11.93006830 -11.09783439 -10.45547223 -6.90120770 -5.43203302 -5.33232851 3.55901817 4.84157252 5.10576535 5.75240488 6.69440331 7.10185071 7.28752403 7.60792131
0.97431358 -19.28575084 -13.63491187 -11.91782001 -11.09618731 -10.52074331 -6.97281480 -5.59600129 -5.21537420 3.44063521 4.91131637 5.21902276 5.89767723 6.84180599 7.20961651 7.41949942 7.74708010
0.99504366 -19.18852153 -13.58122510 -11.90362662 -11.09066295 -10.58352379 -7.03664459 -5.76004948 -5.09926832 3.31259802 4.95741730 5.34440986 6.04319780 6.98756324 7.30720379 7.55173112 7.89646007
1.01577374 -19.09036211 -13.52623250 -11.88739743 -11.08084851 -10.64402874 -7.09286410 -5.92342625 -4.98464014 3.17796203 4.98210633 5.47783567 6.18858533 7.13063230 7.40083069 7.67896691 8.05421385
1.03650381 -18.99200823 -13.47047505 -11.86905892 -11.06633288 -10.70247065 -7.14165054 -6.08572992 -4.87177333 3.03911664 4.98829814 5.61513200 6.33362198 7.26989041 7.49358685 7.80045250 8.21723499
1.05723389 -18.89418421 -13.41455522 -11.84854764 -11.04674122 -10.75903885 -7.18318770 -6.24658567 -4.76093395 2.89803182 4.97819834 5.75325859 6.47815255 7.40406442 7.58722158 7.91711835 8.38229136
1.07796397 -18.79759079 -13.35911784 -11.82580477 -11.02180167 -10.81384963 -7.21766449 -6.40562791 -4.65239161 2.75640297 4.95340055 5.89009840 6.62200875 7.53168237 7.68309601 8.03008856 8.54664695
1.09869404 -18.70289404 -13.30482505 -11.80077384 -10.99158568 -10.86672406 -7.24527724 -6.56249404 -4.54642575 2.61573635 4.91514758 6.02413904 6.76494818 7.65126276 7.78238060 8.14023124 8.70815283
1.11942412 -18.61071574 -13.25232571 -11.77340350 -10.95942100 -10.91429249 -7.26624144 -6.71681165 -4.44332937 2.47740033 4.86449665 6.15427856 6.90660676 7.76207394 7.88547052 8.24811641 8.86513525
1.14015419 -18.52162533 -13.20222141 -11.74365608 -10.97688964 -10.90501091 -7.28083413 -6.86815590 -4.34341197 2.34265639 4.80240691 6.27972071 7.04646837 7.86495741 7.99124797 8.35406972 9.01626791
1.16088427 -18.43613334 -13.15503201 -11.71152124 -11.02484021 -10.85815767 -7.28957689 -7.01586713 -4.24700179 2.21267819 4.72978531 6.39991274 7.18385756 7.96181590 8.09763343 8.45822717 9.16047847
1.18161435 -18.35468642 -13.11116510 -11.67703297 -11.07343791 -10.80378560 -7.29457438 -7.15771348 -4.15444723 2.08856284 4.64751182 6.51449859 7.31795994 8.05429201 8.20291083 8.56057647 9.29688906
1.20234442 -18.27766365 -13.07089348 -11.64028735 -11.12122617 -10.74365393 -7.32773483 -7.26167239 -4.06611705 1.97133717 4.55645458 6.62327671 7.44787242 8.14315461 8.30630841 8.66099282 9.42478042
1.22307450 -18.20537396 -13.03434413 -11.60146063 -11.16782844 -10.67850937 -7.45063571 -7.26606786 -3.98239896 1.86196011 4.45747956 6.72615967 7.57268035 8.22836295 8.40786492 8.75927717 9.54357098
1.24380458 -18.13805441 -13.00150002 -11.56083302 -11.21291749 -10.60908204 -7.58268475 -7.25141356 -3.90369604 1.76132186 4.35145737 6.82313734 7.69155121 8.30932601 8.50807182 8.85520069 9.65280478
1.26453465 -18.07586916 -12.97221394 -11.51884543 -11.25604204 -10.53618083 -7.71211061 -7.22942746 -3.83042058 1.67024000 4.23926804 6.91424536 7.80382539 8.38520849 8.60746077 8.94855368 9.75214475
1.28526473 -18.01890880 -12.94623110 -11.47631335 -11.29638237 -10.46069506 -7.83773566 -7.20126590 -3.76298489 1.58945273 4.12180454 6.99954031 7.90907943 8.45523833 8.70621091 9.03919453 9.84136914
1.30599480 -17.96718993 -12.92321670 -11.43561365 -11.33155041 -10.38357565 -7.95920008 -7.16730773 -3.70178918 1.51960930 3.99997514 7.07908169 8.00714202 8.51892585 8.80389262 9.12709178 9.92036977
1.32672488 -17.92065514 -12.90278406 -11.40996546 -11.34830262 -10.30580998 -8.07633024 -7.12779521 -3.64720654 1.46125812 3.87470485 7.15292008 8.09805961 8.57612989 8.89942764 9.21234802 9.98915154
1.34745496 -17.87917320 -12.88452041 -11.42339567 -11.32257352 -10.22839532 -8.18902839 -7.08295467 -3.59956600 1.41483325 3.74693603 7.22109043 8.18202714 8.62700236 8.99124028 9.29518483 10.04783275
1.36818503 -17.84253988 -12.86800830 -11.44922130 -11.28099720 -10.15231313 -8.29724226 -7.03303714 -3.55913486 1.38064065 3.61762813 7.28360959 8.25930866 8.67189100 9.07752411 9.37586004 10.09664633
1.38891511 -17.81047968 -12.85284195 -11.47396342 -11.23700105 -10.07850579 -8.40095390 -6.97833921 -3.52610196 1.35884571 3.48775654 7.34047701 8.33016891 8.71125548 9.15656358 9.45450232 10.13594226
1.40964519 -17.78264866 -12.83863886 -11.49517536 -11.19298806 -10.00785658 -8.50017406 -6.91921632 -3.50056389 1.34946379 3.35831058 7.39167792 8.39482625 8.74561080 9.22704418 9.53090423 10.16619187
1.43037526 -17.75863892 -12.82504756 -11.51197347 -11.14981784 -9.94117388 -8.59493855 -6.85609128 -3.48251583 1.35235551 3.23029038 7.43718842 8.45342802 8.77549106 9.28824763 9.60438247 10.18799530
1.45110534 -17.73798496 -12.81175235 -11.52384707 -11.10800831 -9.87917974 -8.68530489 -6.78945820 -3.47184836 1.36722761 3.10470286 7.47698187 8.50604487 8.80142295 9.34005477 9.67379484 10.20209391
1.47183541 -17.72017209 -12.79847630 -11.53044659 -11.06795778 -9.82250323 -8.77134885 -6.71988171 -3.46835065 1.39363960 2.98255654 7.51103626 8.55267963 8.82390120 9.38279478 9.73768569 10.20938983
1.49256549 -17.70464698 -12.78498344 -11.53153222 -11.03000433 -9.77167805 -8.85316059 -6.64799114 -3.47171971 1.43101510 2.86485565 7.53934175 8.59328724 8.84336211 9.41705933 9.79444846 10.21097318
1.51329557 -17.69083025 -12.77108074 -11.52695952 -10.99444537 -9.72714414 -8.93084008 -6.57446980 -3.48157431 1.47865550 2.75259429 7.56190818 8.62780149 8.86015623 9.44356855 9.84243062 10.20814807
1.53402564 -17.67813071 -12.75662059 -11.51667462 -10.96154449 -9.68925220 -9.00449185 -6.50003970 -3.49747198 1.53575190 2.64675255 7.57877161 8.65616200 8.87452687 9.46310214 9.88000435 10.20242146
1.55475572 -17.66596091 -12.74150378 -11.50071158 -10.93153352 -9.65827014 -9.07421904 -6.42544269 -3.51892709 1.60138833 2.54829960 7.58999980 8.67833179 8.88660578 9.47646930 9.90571811 10.19536454
1.57548580 -17.65375332 -12.72568327 -11.47918968 -10.90461235 -9.63439019 -9.14011685 -6.35141870 -3.54542833 1.67452162 2.45821649 7.59569628 8.69429709 8.89643650 9.48448755 9.91866965 10.18823400
1.59621587 -17.64097655 -12.70916830 -11.45231044 -10.88094763 -9.61773489 -9.20226615 -6.27868247 -3.57645428 1.75390033 2.37757532 7.59600337 8.70405129 8.90402370 9.48795092 9.91903853 10.18143431
1.61694595 -17.62715091 -12.69202874 -11.42035481 -10.86067070 -9.60835929 -9.26072939 -6.20789973 -3.61148640 1.83780140 2.30779564 7.59110497 8.70758027 8.90938825 9.48758015 9.90832231 10.17428640
1.63767602 -17.61186276 -12.67439919 -11.38368150 -10.84387499 -9.60624436 -9.31555302 -6.13966404 -3.65001899 1.92310364 2.25155935 7.58123028 8.70487262 8.91259641 9.48395774 9.88893377 10.16544953
1.64994853 -17.61165190 -12.70503078 -11.39456542 -10.85094581 -9.60436929 -9.30359181 -6.15189031 -3.64707319 1.91680391 2.25500224 7.60569713 8.69981344 8.91550415 9.48340847 9.88751710 10.16178932
1.66222103 -17.61179722 -12.73659934 -11.40584989 -10.86038014 -9.60646774 -9.28975930 -6.17162434 -3.64475166 1.91112806 2.26870202 7.63086299 8.69327137 8.91905119 9.48236301 9.88586652 10.15833040
1.67449353 -17.61229520 -12.76905058 -11.41753254 -10.87214570 -9.61254113 -9.27398979 -6.19833201 -3.64301582 1.90574098 2.29237749 7.65661718 8.68535066 8.92327604 9.48083730 9.88391002 10.15519418
1.68676603 -17.61314188 -12.80233076 -11.42960779 -10.88619619 -9.62254004 -9.25623884 -6.23138372 -3.64182814 1.90043789 2.32550759 7.68282482 8.67617068 8.92819720 9.47883438 9.88158901 10.15249911
1.69903853 -17.61433282 -12.83638536 -11.44206710 -10.90247174 -9.63636070 -9.23648643 -6.27007949 -3.64115230 1.89513282 2.36736676 7.70932468 8.66586264 8.93381393 9.47635103 9.87886171 10.15035564
1.71131104 -17.61586319 -12.87115796 -11.45489931 -10.92089937 -9.65384745 -9.21473472 -6.31367433 -3.64095342 1.88981677 2.41709082 7.73592668 8.65456813 8.94010607 9.47338513 9.87570602 10.14886104
1.72358354 -17.61772773 -12.90658905 -11.46809096 -10.94139354 -9.67479840 -9.19100304 -6.36140203 -3.64119824 1.88451588 2.47374171 7.76240881 8.64243934 8.94703303 9.46994317 9.87212160 10.14809473
1.73585604 -17.61992074 -12.94261512 -11.48162669 -10.96385691 -9.69897227 -9.16532238 -6.41249647 -3.64185514 1.87926344 2.53635622 7.78851347 8.62964121 8.95453238 9.46604737 9.86813082 10.14811481
1.74812854 -17.62243618 -12.97916773 -11.49548955 -10.98818097 -9.72609491 -9.13773091 -6.46620946 -3.64289427 1.87408587 2.60397785 7.81394311 8.61635513 8.96251840 9.46174202 9.86377818 10.14895637
1.76040104 -17.62526758 -13.01617284 -11.50966137 -11.01424693 -9.75586532 -9.10827076 -6.52182488 -3.64428754 1.86899797 2.67567623 7.83835547 8.60278398 8.97088107 9.45709837 9.85912821 10.15063177
1.77267355 -17.62840815 -13.05355037 -11.52412313 -11.04192650 -9.78796118 -9.07698597 -6.57866897 -3.64600862 1.86400297 2.75055859 7.86135865 8.58915791 8.97948599 9.45221749 9.85426223 10.15313289
1.78494605 -17.63185070 -13.09121387 -11.53885528 -11.07108278 -9.82204415 -9.04392130 -6.63611697 -3.64803291 1.85909442 2.82777627 7.88250717 8.57573984 8.98817575 9.44723060 9.84927450 10.15643467
1.79721855 -17.63558774 -13.12907052 -11.55383807 -11.10157111 -9.85776515 -9.00912162 -6.69359667 -3.65033751 1.85425854 2.90652818 7.90130090 8.56282872 8.99677338 9.44229600 9.84426822 10.16049970
1.80949105 -17.63961141 -13.16702134 -11.56905191 -11.13323999 -9.89476957 -8.97263164 -6.75058914 -3.65290114 1.84947640 2.98606202 7.91718959 8.55075772 9.00508848 9.43759219 9.83935205 10.16528306
1.82176355 -17.64391357 -13.20496173 -11.58447763 -11.16593193 -9.93270255 -8.93449579 -6.80662736 -3.65570407 1.84472574 3.06567417 7.92958731 8.53988347 9.01292643 9.43330675 9.83463727 10.17073692
1.83403605 -17.64848575 -13.24278223 -11.60009684 -11.19948434 -9.97121397 -8.89475828 -6.86129322 -3.65872808 1.83998231 3.14470832 7.93790014 8.53056250 9.02010094 9.42962106 9.83023571 10.17681474
1.84630856 -17.65331921 -13.28036951 -11.61589219 -11.23373039 -10.00996330 -8.85346313 -6.91421339 -3.66195635 1.83522099 3.22255346 7.94156873 8.52311378 9.02644897 9.42669208 9.82625817 10.18347469
1.85858106 -17.65840491 -13.31760765 -11.63184767 -11.26849988 -10.04862396 -8.81065425 -6.96505460 -3.66537340 1.83041651 3.29864128 7.94012093 8.51777178 9.03184648 9.42463317 9.82281306 10.19068221
1.87085356 -17.66373354 -13.35437962 -11.64794890 -11.30362002 -10.08688713 -8.76637556 -7.01351852 -3.66896497 1.82554409 3.37244324 7.93322264 8.51464210 9.03622203 9.42349755 9.82000470 10.19841185
1.88312606 -17.66929555 -13.39056880 -11.66418337 -11.33891630 -10.12446503 -8.72067109 -7.05933681 -3.67271798 1.82057981 3.44346753 7.92071072 8.51367519 9.03956510 9.42326786 9.81793097 10.20664817
1.89539856 -17.67508115 -13.42606077 -11.68054063 -11.37421334 -10.16109352 -8.67358507 -7.10226624 -3.67662040 1.81550094 3.51125603 7.90259642 8.51467000 9.04192675 9.42385498 9.81668001 10.21538585
1.90767107 -17.68108030 -13.46074492 -11.69701241 -11.40933571 -10.19653405 -8.62516200 -7.14208436 -3.68066120 1.81028615 3.57538138 7.87903922 8.51730665 9.04341182 9.42510694 9.81632579 10.22462904
1.91994357 -17.68728276 -13.49451625 -11.71359254 -11.44410899 -10.23057501 -8.57544682 -7.17858556 -3.68483021 1.80491567 3.63544433 7.85030281 8.52119657 9.04416472 9.42682638 9.81692292 10.23438989
1.93221607 -17.69367810 -13.52727688 -11.73027666 -11.47836100 -10.26303254 -8.52448493 -7.21157778 -3.68911809 1.79937140 3.69107141 7.81670824 8.52593394 9.04435174 9.42879299 9.81850129 10.24468643
1.94448857 -17.70025568 -13.55893752 -11.74706145 -11.51192331 -10.29375090 -8.47232232 -7.24087969 -3.69351621 1.79363697 3.74191299 7.77859592 8.53113683 9.04414406 9.43078656 9.82106141 10.25553983
1.95676107 -17.70700470 -13.58941868 -11.76394334 -11.54463339 -10.32260235 -8.41900564 -7.26631860 -3.69801658 1.78769780 3.78764192 7.73630033 8.53647334 9.04370403 9.43260680 9.82457155 10.26697109
1.96903357 -17.71391423 -13.61865166 -11.78091634 -11.57633751 -10.34948679 -8.36458226 -7.28772873 -3.70261174 1.78154112 3.82795256 7.69013673 8.54167372 9.04317651 9.43408755 9.82896770 10.27899747
1.98130608 -17.72097315 -13.64657925 -11.79796893 -11.60689448 -10.37433114 -8.30910038 -7.30495020 -3.70729475 1.77515595 3.86256046 7.64039616 8.54653171 9.04268536 9.43510447 9.83415653 10.29162878
1.99357858 -17.72817027 -13.67315608 -11.81507985 -11.63618050 -10.39708845 -8.25260902 -7.31782842 -3.71205903 1.76853313 3.89120264 7.58734553 8.55089894 9.04233408 9.43557669 9.84002140 10.30486383
2.00585108 -17.73549425 -13.69834878 -11.83221310 -11.66409467 -10.41773694 -8.19515806 -7.32621399 -3.71689833 1.76166529 3.91363830 7.53123010 8.55467547 9.04220944 9.43546399 9.84643041 10.31868732
2.01812358 -17.74293369 -13.72213571 -11.84931278 -11.69056472 -10.43627875 -8.13679827 -7.32996298 -3.72180669 1.75454681 3.92965016 7.47227679 8.55779861 9.04238653 9.43476124 9.85324527 10.33306747
2.03039608 -17.75047707 -13.74450655 -11.86629891 -11.71555155 -10.45273874 -8.07758125 -7.32893775 -3.72677832 1.74717378 3.93904619 7.41069745 8.56023149 9.04293388 9.43349200 9.86032984 10.34795462
2.04266859 -17.75811284 -13.76546156 -11.88306560 -11.73905151 -10.46716295 -8.01755944 -7.32300799 -3.73180757 1.73954396 3.94166165 7.34669173 8.56195243 9.04391781 9.43170253 9.86755709 10.36328083
2.05494109 -17.76582938 -13.78501066 -11.89948262 -11.76109513 -10.47961706 -7.95678604 -7.31205222 -3.73688887 1.73165672 3.93736143 7.28044945 8.56294564 9.04540535 9.42945702 9.87481421 10.37896061
2.06721359 -17.77361502 -13.80317241 -11.91540082 -11.78174197 -10.49018460 -7.89531503 -7.29595940 -3.74201669 1.72351297 3.92604232 7.21215254 8.56319342 9.04746566 9.42683438 9.88200545 10.39489265
2.07948609 -17.78145806 -13.81997279 -11.93066049 -11.80107256 -10.49896500 -7.83320119 -7.27463087 -3.74718547 1.71511508 3.90763531 7.14197654 8.56267015 9.05016984 9.42392637 9.88905312 10.41096230
2.09175859 -17.78934676 -13.83544405 -11.94510101 -11.81917888 -10.50607154 -7.77050035 -7.24798215 -3.75238960 1.70646675 3.88210750 7.07009187 8.56133795 9.05358965 9.42083673 9.89589688 10.42704461
2.10403110 -17.79726938 -13.84962346 -11.95857034 -11.83615508 -10.51162907 -7.70726974 -7.21594479 -3.75762336 1.69757298 3.84946374 6.99666480 8.55914411 9.05779529 9.41768090 9.90249218 10.44300760
2.11630360 -17.80521414 -13.86255209 -11.97093291 -11.85208971 -10.51577165 -7.64356872 -7.17846785 -3.76288092 1.68843984 3.80974759 6.92185832 8.55602015 9.06285280 9.41458567 9.90880791 10.45871558
2.12857610 -17.81316927 -13.87427380 -11.98207566 -11.86705973 -10.51864009 -7.57945976 -7.13551913 -3.76815627 1.67907438 3.76304174 6.84583284 8.55188251 9.06882125 9.41168853 9.91482388 10.47403229
2.14084860 -17.82112297 -13.88483415 -11.99191254 -11.88112611 -10.52037947 -7.51500969 -7.08708599 -3.77344323 1.66948442 3.70946780 6.76874682 8.54663487 9.07575017 9.40913628 9.92052837 10.48882367
2.15312110 -17.82906345 -13.89427962 -12.00038828 -11.89433007 -10.52113667 -7.45029095 -7.03317596 -3.77873539 1.65967827 3.64918534 6.69075735 8.54017187 9.08367723 9.40708272 9.92591588 10.50296031
2.16539360 -17.83697892 -13.90265685 -12.00748251 -11.90668891 -10.52105806 -7.38538257 -6.97381735 -3.78402616 1.64966452 3.58239040 6.61202064 8.53238412 9.09262645 9.40568539 9.93098515 10.51631941
2.17766611 -17.84485760 -13.91001210 -12.01321577 -11.91819004 -10.52028723 -7.32037049 -6.90906023 -3.78930866 1.63945158 3.50931351 6.53269246 8.52316419 9.10260691 9.40510148 9.93573759 10.52878633
2.18993861 -17.85268768 -13.91639086 -12.01765898 -11.92878128 -10.51896301 -7.25534708 -6.83897777 -3.79457580 1.62904722 3.43021733 6.45292857 8.51241304 9.11361219 9.40548302 9.94017605 10.54025580
2.20221111 -17.86045742 -13.92183761 -12.02094866 -11.93835566 -10.51721773 -7.19040992 -6.76366797 -3.79982022 1.61845795 3.34539414 6.37288502 8.50004657 9.12562035 9.40697187 9.94430391 10.55063271
2.21448361 -17.86815505 -13.92639568 -12.02330885 -11.94672919 -10.51517575 -7.12566017 -6.68325545 -3.80503428 1.60768811 3.25516333 6.29271851 8.48600153 9.13859470 9.40969474 9.94812439 10.55983267
2.22675611 -17.87576886 -13.93010729 -12.02507578 -11.95361605 -10.51295226 -7.06120092 -6.59789271 -3.81021010 1.59673868 3.15986918 6.21258659 8.47024046 9.15248505 9.41375880 9.95164024 10.56778233
2.23902862 -17.88328714 -13.93301364 -12.02670456 -11.95862159 -10.51065240 -6.99713610 -6.50776070 -3.81533949 1.58560556 3.05987927 6.13264789 8.45275517 9.16722972 9.41924808 9.95485346 10.57441951
2.25130112 -17.89069826 -13.93515515 -12.02871177 -11.96129943 -10.50837064 -6.93356985 -6.41306851 -3.82041400 1.57427708 2.95558370 6.05306225 8.43356854 9.18275782 9.42622095 9.95776537 10.57969312
2.26357362 -17.89799062 -13.93657168 -12.03152202 -11.96130450 -10.50619041 -6.87060659 -6.31405224 -3.82542489 1.56273028 2.84739599 5.97399082 8.41273470 9.19899200 9.43470877 9.96037668 10.58356307
2.27584612 -17.90515273 -13.93730287 -12.03530325 -11.95855732 -10.50418393 -6.80835131 -6.21097341 -3.83036310 1.55092516 2.73575623 5.89559610 8.39033775 9.21585123 9.44471560 9.96268777 10.58600000
2.28811862 -17.91217314 -13.93738845 -12.03995155 -11.95325871 -10.50241226 -6.74691014 -6.10411720 -3.83521927 1.53879549 2.62113814 5.81804195 8.36648922 9.23325349 9.45621889 9.96469907 10.58698501
2.30039113 -17.91904054 -13.93686854 -12.04522371 -11.94575666 -10.50092544 -6.68639079 -5.99379074 -3.83998369 1.52623361 2.50406265 5.74149348 8.34132483 9.25111810 9.46917101 9.96641158 10.58650935
2.31266363 -17.92574374 -13.93578405 -12.05086920 -11.93641381 -10.49976278 -6.62690298 -5.88032168 -3.84464626 1.51306408 2.38512305 5.66611699 8.31500072 9.26936755 9.48350127 9.96782745 10.58457403
2.32493613 -17.93227168 -13.93417688 -12.05668794 -11.92554903 -10.49895322 -6.56855864 -5.76405716 -3.84919642 1.49899613 2.26503208 5.59207976 8.28768963 9.28792857 9.49911847 9.96895082 10.58118951
2.33720863 -17.93861351 -13.93209023 -12.06253633 -11.91343067 -10.49851572 -6.51147196 -5.64536337 -3.85362308 1.48353320 2.14471239 5.51954983 8.25957715 9.30673244 9.51591356 9.96978871 10.57637537
2.34948113 -17.94475852 -13.92956877 -12.06831547 -11.90028767 -10.49845973 -6.45575933 -5.52462568 -3.85791444 1.46579340 2.02547688 5.44869573 8.23085825 9.32571463 9.53376228 9.97035225 10.57015998
2.36175363 -17.95069626 -13.92665877 -12.07395796 -11.88632194 -10.49878571 -6.40153906 -5.40224953 -3.86205776 1.44414491 1.90939472 5.37968609 8.20173421 9.34481375 9.55252745 9.97065814 10.56258024
2.37402614 -17.95641650 -13.92340823 -12.07941764 -11.87171780 -10.49948558 -6.34893113 -5.27866223 -3.86603905 1.41550998 1.79998976 5.31268926 8.17240986 9.36397024 9.57206068 9.97073050 10.55368147
2.38629864 -17.96190931 -13.91986680 -12.08466263 -11.85664813 -10.50054332 -6.29805672 -5.15431580 -3.86984242 1.37448028 1.70312830 5.24787284 8.14309124 9.38312471 9.59220302 9.97060324 10.54351723
2.39857114 -17.96716503 -13.91608575 -12.08967061 -11.84127815 -10.50193550 -6.24903771 -5.02969109 -3.87344921 1.31421789 1.62612241 5.18540310 8.11398357 9.40221637 9.61278454 9.97032308 10.53214949
2.41084364 -17.97217434 -13.91211780 -12.09442580 -11.82576755 -10.50363195 -6.20199614 -4.90530376 -3.87683640 1.23216185 1.57202865 5.12544440 8.08528947 9.42118151 9.63362227 9.96995337 10.51964880
2.42311614 -17.97692828 -13.90801688 -12.09891691 -11.81027159 -10.50559636 -6.15705354 -4.78171247 -3.87997380 1.13353093 1.53615190 5.06815851 8.05720742 9.43995207 9.65451658 9.96957886 10.50609485
2.43538865 -17.98141826 -13.90383782 -12.10313577 -11.79494143 -10.50778701 -6.11433024 -4.65953088 -3.88281891 1.02578368 1.51159315 5.01370389 8.02993041 9.45845439 9.67524580 9.96931143 10.49157737
2.44766115 -17.98563610 -13.89963597 -12.10707644 -11.77992409 -10.51015759 -6.07394462 -4.53944601 -3.88530663 0.91425845 1.49361859 4.96223487 8.00364472 9.47660802 9.69555961 9.96929640 10.47619742
2.45993365 -17.98957407 -13.89546674 -12.11073457 -11.76536198 -10.51265800 -6.03601229 -4.42224971 -3.88732701 0.80220803 1.47963533 4.91390080 7.97852883 9.49432443 9.71517227 9.96971801 10.46006955
2.47220615 -17.99322488 -13.89138504 -12.11410691 -11.75139237 -10.51523528 -6.00064525 -4.30890282 -3.88867129 0.69173492 1.46826739 4.86884521 7.95475233 9.51150572 9.73375883 9.97080123 10.44332471
2.48447865 -17.99658174 -13.88744477 -12.11719104 -11.73814656 -10.51783462 -5.96795101 -4.20069706 -3.88888039 0.58439760 1.45876077 4.82720483 7.93247508 9.52804305 9.75095977 9.97280369 10.42611472
2.49675115 -17.99963835 -13.88369816 -12.11998517 -11.72574903 -10.52040044 -5.93803170 -4.09978372 -3.88672559 0.48152143 1.45068308 4.78910868 7.91184623 9.54381482 9.76640262 9.97598916 10.40861840
2.50902366 -18.00238897 -13.88019513 -12.12248788 -11.71431653 -10.52287744 -5.91098317 -4.01139807 -3.87799063 0.38435402 1.44377552 4.75467712 7.89300343 9.55868466 9.77974807 9.98057410 10.39105044
2.52129616 -18.00482837 -13.87698264 -12.12469814 -11.70395707 -10.52521187 -5.88689407 -3.95098684 -3.84834483 0.29414209 1.43787759 4.72402090 7.87607209 9.57249953 9.79075807 9.98664878 10.37367348
2.53356866 -18.00695192 -13.87410402 -12.12661511 -11.69476894 -10.52735261 -5.86584501 -3.92795906 -3.78958302 0.21216323 1.43288702 4.69724024 7.86116462 9.58508831 9.79936354 9.99409441 10.35681416
2.54584116 -18.00875556 -13.87159834 -12.12823815 -11.68683975 -10.52925242 -5.84790776 -3.92106547 -3.72422228 0.13972527 1.42873732 4.67442398 7.84837982 9.59626194 9.80569541 10.00253195 10.34088270
2.55811366 -18.01023583 -13.86949982 -12.12956676 -11.68024547 -10.53086904 -5.83314443 -3.91864069 -3.66521690 0.07813712 1.42538477 4.65564880 7.83780231 9.60581680 9.81005680 10.01132676 10.32639220
2.57038617 -18.01138988 -13.86783724 -12.13060056 -11.67504960 -10.53216627 -5.82160684 -3.91770127 -3.61679563 0.02865256 1.42280057 4.64097847 7.82950202 9.61354306 9.81284898 10.01964533 10.31396726
2.58265867 -18.01221548 -13.86663355 -12.13133927 -11.67130237 -10.53311487 -5.81333594 -3.91733858 -3.58098442 -0.00760873 1.42096603 4.63046325 7.82353378 9.61923974 9.81448430 10.02655142 10.30431947
2.59493117 -18.01271105 -13.86590539 -12.13178270 -11.66904013 -10.53369337 -5.80836132 -3.91721096 -3.55901901 -0.02975306 1.41986952 4.62413942 7.81993698 9.62273624 9.81531134 10.03114660 10.29816001
2.60720367 -18.01287562 -13.86566289 -12.13193071 -11.66828490 -10.53388863 -5.80670086 -3.91718099 -3.55161735 -0.03720090 1.41950471 4.62202889 7.81873535 9.62391670 9.81556096 10.03276048 10.29603876
2.62311047 -18.01522492 -13.86709786 -12.13013719 -11.66872123 -10.53272616 -5.80686913 -3.91997774 -3.55154642 -0.03579632 1.42512012 4.62306363 7.81610622 9.61311222 9.81605990 10.02736537 10.29097448
2.63901727 -18.02226445 -13.87138424 -12.12475979 -11.67001934 -10.52926167 -5.80735329 -3.92835352 -3.55132141 -0.03159712 1.44192353 4.62614659 7.80822671 9.58253437 9.81555479 10.01133651 10.27587600
2.65492407 -18.03395692 -13.87846248 -12.11581239 -11.67215561 -10.52354914 -5.80808180 -3.94226497 -3.55090553 -0.02463975 1.46978784 4.63121938 7.79510958 9.53575202 9.80997528 9.98521600 10.25092571
2.67083086 -18.05023973 -13.88823532 -12.10332256 -11.67508694 -10.51567680 -5.80893705 -3.96164121 -3.55023900 -0.01498531 1.50850495 4.63818590 7.77677594 9.47568407 9.79542288 9.95003138 10.21644667
2.68673766 -18.07102445 -13.90057075 -12.08733925 -11.67874409 -10.50576463 -5.80975779 -3.98638587 -3.54924100 -0.00271974 1.55779090 4.64691418 7.75325496 9.40418954 9.76848659 9.90735966 10.17293188
2.70264446 -18.09619618 -13.91530585 -12.06794612 -11.68301969 -10.49396112 -5.81034231 -4.01637983 -3.54781228 0.01204619 1.61729222 4.65723876 7.72458351 9.32242619 9.72625460 9.85891961 10.12108040
2.71855126 -18.12561288 -13.93225121 -12.04528426 -11.68774716 -10.48043932 -5.81045250 -4.05148441 -3.54583792 0.02917737 1.68659290 4.66896361 7.69080569 9.23117138 9.66723623 9.80530159 10.06182305
2.73445806 -18.15910491 -13.95119587 -12.01959254 -11.69266223 -10.46539253 -5.80981842 -4.09154487 -3.54319032 0.04851547 1.76522141 4.68186553 7.65197218 9.13100692 9.59211086 9.74505927 9.99629491
2.75036486 -18.19647476 -13.97191226 -11.99128192 -11.69733061 -10.44902971 -5.80814350 -4.13639392 -3.53973224 0.06988080 1.85265741 4.69569767 7.60813954 9.02241757 9.50280844 9.67567311 9.92569058
2.76627165 -18.23749725 -13.99416116 -11.96107648 -11.70100896 -10.43157078 -5.80510996 -4.18585489 -3.53531979 0.09307459 1.94833779 4.71019330 7.55936917 8.90584425 9.40123796 9.59504816 9.85098230
2.78217845 -18.28192016 -14.01769645 -11.93027600 -11.70238408 -10.41324216 -5.80038462 -4.23974467 -3.52980526 0.11788192 2.05166200 4.72506953 7.50572625 8.78171428 9.28888013 9.50217451 9.77263387
2.79808525 -18.32946540 -14.04226937 -11.90116436 -11.69916615 -10.39427243 -5.79362472 -4.29787595 -3.52303990 0.14407475 2.16199659 4.74003084 7.44727826 8.65045964 9.16686909 9.39708735 9.69053804
2.81399205 -18.37983087 -14.06763254 -11.87722754 -11.68787190 -10.37488847 -5.78448383 -4.36005907 -3.51487640 0.17141519 2.27867909 4.75477229 7.38409328 8.51252884 9.03613485 9.28050231 9.60422440
2.82989885 -18.43269285 -14.09354331 -11.86199117 -11.66498788 -10.35531198 -5.77261768 -4.42610322 -3.50517111 0.19965866 2.40102125 4.76898227 7.31623778 8.36839541 8.89749949 9.15342410 9.51314386
2.84580565 -18.48770907 -14.11976679 -11.85643498 -11.62955630 -10.33575645 -5.75768983 -4.49581714 -3.49378606 0.22855693 2.52831169 4.78234461 7.24377392 8.21856450 8.75173127 9.01689821 9.41685471
2.86171244 -18.54452225 -14.14607834 -11.85867245 -11.58349522 -10.31642464 -5.73937718 -4.56900939 -3.48059068 0.25786093 2.65981819 4.79453978 7.16675604 8.06357882 8.59957370 8.87191044 9.31508772
2.87761924 -18.60276421 -14.17226567 -11.86620983 -11.52933905 -10.29750653 -5.71737535 -4.64548798 -3.46546317 0.28732327 2.79478943 4.80524521 7.08522616 7.90402465 8.44176065 8.71937094 9.20774205
2.89352604 -18.66206026 -14.19813055 -11.87724084 -11.46894293 -10.27917761 -5.69140395 -4.72505958 -3.44829178 0.31670056 2.93245626 4.81413414 6.99920790 7.74053867 8.27902416 8.56013108 9.09485737
2.90943284 -18.72203404 -14.22349017 -11.89066261 -11.40346559 -10.26159767 -5.66121224 -4.80752769 -3.42897568 0.34575535 3.07203237 4.82087311 6.90869842 7.57381699 8.11209766 8.39500823 8.97658398
2.92533964 -18.78231235 -14.24817821 -11.90581284 -11.33363102 -10.24490980 -5.62658591 -4.89268913 -3.40742574 0.37425792 3.21271405 4.82511742 6.81365708 7.40462764 7.94171621 8.22481025 8.85315792
2.94124643 -18.84253020 -14.27204562 -11.92227594 -11.25992093 -10.22923974 -5.58735787 -4.98032592 -3.38356507 0.40198782 3.35367874 4.82650443 6.71398973 7.23382908 7.76861382 8.05035857 8.72488183
2.95715323 -18.90233572 -14.29496122 -11.93977334 -11.18268328 -10.21469546 -5.54343282 -5.07018299 -3.35732944 0.42873519 3.49408142 4.82464438 6.60952660 7.06239761 7.59351711 7.87251170 8.59211047
2.97306003 -18.96139500 -14.31681207 -11.95810421 -11.10219054 -10.20136685 -5.49487050 -5.16188652 -3.32866754 0.45430195 3.63304788 4.81910851 6.49999343 6.89146635 7.41713401 7.69219111 8.45523957
2.98896683 -19.01939664 -14.33750365 -11.97711328 -11.01867122 -10.18932560 -5.44236615 -5.25446474 -3.29754111 0.47850291 3.76966225 4.80941547 6.38498096 6.72237255 7.24013598 7.51041138 8.31469691
3.00487363 -19.07605595 -14.35695990 -11.99667282 -10.93232755 -10.17862511 -5.39635834 -5.33724088 -3.26392503 0.50116670 3.90294452 4.79501874 6.26394055 6.55668793 7.06313423 7.32831450 8.17093505
3.02078043 -19.13111882 -14.37512319 -12.01667245 -10.84334598 -10.16930040 -5.45719015 -5.30967218 -3.22780730 0.52213668 4.03180804 4.77530379 6.13628381 6.39615410 6.88665609 7.14720368 8.02442519
3.03668722 -19.18436498 -14.39195405 -12.03701323 -10.75190395 -10.16136785 -5.55347500 -5.24298410 -3.18918901 0.54127177 4.15497162 4.74961961 6.00170642 6.24239668 6.71114205 6.96856328 7.87565191
3.05259402 -19.23561089 -14.40743094 -12.05760437 -10.65817511 -10.15482458 -5.65279100 -5.16947537 -3.14808418 0.55844724 4.27074625 4.71742562 5.86070704 6.09642780 6.53700727 6.79403993 7.72510877
3.06850082 -19.28471183 -14.42154986 -12.07836138 -10.56233467 -10.14964643 -5.75348258 -5.09071556 -3.10451972 0.57355549 4.37635321 4.67889467 5.71487814 5.95831789 6.36483746 6.62535920 7.57329500
3.08440762 -19.33156354 -14.43432389 -12.09920534 -10.46456846 -10.14578198 -5.85506500 -5.00713941 -3.05853521 0.58650681 4.46454329 4.63818125 5.56662182 5.82731834 6.19579586 6.46418762 7.42071325
3.10031442 -19.37610306 -14.44578270 -12.12006272 -10.36509917 -10.14312887 -5.95723247 -4.91903723 -3.01018281 0.59723005 4.50289757 4.62387758 5.41877840 5.70190284 6.03229464 6.31202746 7.26786926
3.11622122 -19.41830892 -14.45597200 -12.14086557 -10.26433221 -10.14139071 -6.05972594 -4.82668548 -2.95952713 0.60567342 4.45983779 4.66230561 5.27506204 5.57908438 5.87885898 6.17028786 7.11527393
3.13212801 -19.45820058 -14.46495293 -12.16155197 -10.16632483 -10.13661053 -6.16230167 -4.73037636 -2.90664508 0.61180514 4.38386870 4.69627976 5.14213212 5.45376610 5.74233474 6.04063619 6.96344922
3.14803481 -19.49583723 -14.47280141 -12.18206666 -10.14505733 -10.05490226 -6.26472134 -4.63042562 -2.85162580 0.61561419 4.29374347 4.69146394 5.03311751 5.32111178 5.62883526 5.92561376 6.81294039
3.16394161 -19.53131575 -14.47960747 -12.20236158 -10.14615336 -9.95073308 -6.36674858 -4.52717396 -2.79457060 0.61711094 4.19423653 4.62852449 4.95908160 5.18251464 5.53775500 5.82923138 6.66433896
3.17984841 -19.56476808 -14.48547448 -12.22239645 -10.14868761 -9.84511842 -6.46814787 -4.42098600 -2.73559287 0.61632781 4.08823023 4.51885229 4.89725279 5.05064935 5.46118403 5.75641173 6.51832614
3.19575521 -19.59635788 -14.49051830 -12.24213922 -10.15205757 -9.73875271 -6.56868433 -4.31224818 -2.67481815 0.61331989 3.97813391 4.38775928 4.80155381 4.95108306 5.39045767 5.70958941 6.37575837
3.21166201 -19.62627659 -14.49486639 -12.26156635 -10.15603723 -9.63195814 -6.66812422 -4.20136610 -2.61238415 0.60816540 3.86600007 4.24946655 4.66858155 4.87899981 5.32196901 5.68489767 6.23785068
3.22756880 -19.65473891 -14.49865669 -12.28066292 -10.16044898 -9.52501490 -6.76623556 -4.08876154 -2.54844079 0.60096612 3.75349744 4.11025199 4.52472958 4.80797517 5.25642182 5.67345124 6.10661375
3.24347560 -19.68197789 -14.50203644 -12.29942254 -10.16512397 -9.41820270 -6.86278913 -3.97486929 -2.48315039 0.59184765 3.64190868 3.97334500 4.38073383 4.73007394 5.19486388 5.66461624 5.98600534
3.25938240 -19.70823954 -14.50516070 -12.31784707 -10.16989446 -9.31180997 -6.95755946 -3.86013372 -2.41668778 0.58095939 3.53216360 3.84081800 4.24008014 4.64531227 5.13682769 5.64529504 5.88470041
3.27528920 -19.73377730 -14.50819066 -12.33594603 -10.17459301 -9.20613566 -7.05032602 -3.74500517 -2.34924051 0.56847433 3.42489827 3.71423658 4.10426844 4.55551383 5.08046080 5.59946153 5.81658585
3.29119600 -19.75884627 -14.51129166 -12.35373600 -10.17905375 -9.10148855 -7.14087445 -3.62993621 -2.28100903 0.55458849 3.32053702 3.59486961 3.97409956 4.46264496 5.02309357 5.52624766 5.78218186
3.30710279 -19.78369749 -14.51463091 -12.37123969 -10.18311451 -8.99818512 -7.22899785 -3.51537753 -2.21220693 0.53951992 3.21939567 3.48372009 3.85006042 4.36835928 4.96174157 5.44412013 5.76388861
3.32300959 -19.80857238 -14.51837483 -12.38848500 -10.18661931 -8.89654650 -7.31449797 -3.40177379 -2.14306104 0.52350729 3.12179150 3.38147996 3.73247464 4.27393765 4.89373774 5.36686019 5.74920847
3.33891639 -19.83369738 -14.52268615 -12.40550393 -10.18942101 -8.79689486 -7.39718633 -3.28955902 -2.07381151 0.50680798 3.02812481 3.28847798 3.62157705 4.18034939 4.81759594 5.30023717 5.73303348
3.35482319 -19.85927903 -14.52772074 -12.42233147 -10.19138392 -8.69954937 -7.47688513 -3.17915201 -2.00471178 0.48969566 2.93889410 3.20467266 3.51755997 4.08833202 4.73358920 5.24552607 5.71340550
3.37072999 -19.88549956 -14.53362417 -12.43900447 -10.19238642 -8.60482235 -7.55342748 -3.07095135 -1.93602821 0.47245737 2.85463944 3.12970146 3.42060909 3.99845831 4.64344287 5.20158001 5.68964562
3.38663679 -19.91251313 -14.54052825 -12.45556045 -10.19232327 -8.51301628 -7.62665653 -2.96533058 -1.86803946 0.45539004 2.77584954 3.06295257 3.33093806 3.91118620 4.54944699 5.16630531 5.66169475
3.40254358 -19.94044274 -14.54854757 -12.47203645 -10.19110781 -8.42442339 -7.69642192 -2.86263333 -1.80103534 0.43879660 2.70287819 3.00361440 3.24882611 3.82689499 4.45374907 5.13756953 5.62986551
3.41845038 -19.96937793 -14.55777621 -12.48846785 -10.18867362 -8.33933238 -7.76256932 -2.76316882 -1.73531508 0.42298150 2.63589492 2.95068303 3.17465617 3.74591281 4.35809215 5.11353198 5.59474393
3.43435718 -19.99937323 -14.56828476 -12.50488720 -10.18497599 -8.25805602 -7.82490934 -2.66720780 -1.67118474 0.40824574 2.57487100 2.90294770 3.10893324 3.66853951 4.26383312 5.09264413 5.55715381
3.45026398 -20.03044754 -14.58011793 -12.52132299 -10.17999278 -8.18103873 -7.88310721 -2.57497940 -1.60895359 0.39488138 2.51959177 2.85902042 3.05222626 3.59506844 4.17205312 5.07353930 5.51814903
3.46617078 -20.06258413 -14.59329258 -12.53779841 -10.17372492 -8.10941155 -7.93612573 -2.48666884 -1.54892945 0.38316530 2.46968586 2.81750535 3.00494659 3.52581037 4.08367218 5.05492004 5.47901138
3.48207758 -20.09573152 -14.60779666 -12.55433012 -10.16619635 -8.05063637 -7.97657994 -2.40241645 -1.49141256 0.37335237 2.42466463 2.77732098 2.96695726 3.46112098 3.99954427 5.03549328 5.44122553
3.49798437 -20.12980499 -14.62358884 -12.57092699 -10.15745360 -8.05322066 -7.95602227 -2.32231805 -1.43668827 0.36566774 2.38396676 2.73795615 2.93724045 3.40143101 3.92053234 5.01399362 5.40638930
3.51389117 -20.16468870 -14.64059892 -12.58758888 -10.14756481 -8.09143279 -7.90022808 -2.24642664 -1.38501853 0.36029868 2.34700318 2.69939396 2.91390771 3.34726910 3.84756594 4.98932819 5.37601917
3.52979797 -20.20023834 -14.65872906 -12.60430560 -10.13661837 -8.13030358 -7.84419593 -2.17475541 -1.33663255 0.35738596 2.31319720 2.66178574 2.89451098 3.29924953 3.78167999 4.96082102 5.35126728
3.54570477 -20.23628421 -14.67785569 -12.62105596 -10.12472125 -8.16652468 -7.79125177 -2.10728197 -1.29171729 0.35701553 2.28201518 2.62517375 2.87642757 3.25797156 3.72402449 4.92842967 5.33267295
3.56161157 -20.27263454 -14.69783204 -12.63780711 -10.11199691 -8.19957742 -7.74192326 -2.04395339 -1.25040865 0.35921113 2.25298452 2.58939116 2.85726888 3.22377945 3.67582317 4.89277101 5.32010928
3.57751836 -20.30907920 -14.71849113 -12.65451419 -10.09858305 -8.22938285 -7.69629327 -1.98469183 -1.21278432 0.36392893 2.22569848 2.55408986 2.83534241 3.19643593 3.63824918 4.85492548 5.31295448
3.59342516 -20.34539336 -14.73964911 -12.67112028 -10.08462909 -8.25599341 -7.65431189 -1.92940052 -1.17885938 0.37105492 2.19980975 2.51882493 2.81001197 3.17495487 3.61219637 4.81615349 5.31035356
3.60933196 -20.38134129 -14.76110882 -12.68755677 -10.07029354 -8.27952056 -7.61587234 -1.87796960 -1.14858530 0.38040605 2.17501640 2.48315901 2.78169831 3.15784559 3.59798339 4.77766828 5.31142647
3.62523876 -20.41668015 -14.78266348 -12.70374414 -10.05574133 -8.30011092 -7.58083808 -1.83028174 -1.12185282 0.39173513 2.15104453 2.44677180 2.75151011 3.14365511 3.59512416 4.74051259 5.31537572
3.64114556 -20.45116357 -14.80410029 -12.71959304 -10.04114112 -8.31793587 -7.54905585 -1.78621717 -1.09849843 0.40473951 2.12763133 2.40956250 2.72077263 3.13138996 3.60232261 4.70551501 5.32151838
3.65705236 -20.48454523 -14.82520399 -12.73500581 -10.02666259 -8.33318570 -7.52036356 -1.74565810 -1.07831378 0.41907259 2.10451256 2.37172583 2.69068531 3.12057711 3.61771576 4.67328886 5.32927991
3.67295915 -20.51658211 -14.84576020 -12.74987820 -10.01247396 -8.34606534 -7.49459584 -1.70849229 -1.06105689 0.43435722 2.08141949 2.33377716 2.66215874 3.11107830 3.63921884 4.64424852 5.33817529
3.68886595 -20.54703758 -14.86555858 -12.76410140 -9.99873953 -8.35679043 -7.47158827 -1.67461593 -1.04646409 0.45019958 2.05809356 2.29650931 2.63578577 3.10287813 3.66480694 4.61863105 5.34778929
3.70477275 -20.57568425 -14.88439572 -12.77756422 -9.98561752 -8.36558358 -7.45118074 -1.64393561 -1.03426146 0.46620255 2.03432918 2.26088012 2.61188803 3.09595705 3.69267090 4.59651871 5.35776033
3.72067955 -20.60230649 -14.90207775 -12.79015531 -9.97325803 -8.37267024 -7.43322023 -1.61636956 -1.02417514 0.48197763 2.01005042 2.22784938 2.59059097 3.09024816 3.72127224 4.57786080 5.36776853
3.73658635 -20.62670278 -14.91842268 -12.80176548 -9.96180129 -8.37827450 -7.41756298 -1.59184826 -1.01593993 0.49715499 1.98540555 2.19820370 2.57189621 3.08564030 3.74934311 4.56249514 5.37752768
3.75249315 -20.64868773 -14.93326250 -12.81229000 -9.95137611 -8.38261449 -7.40407640 -1.57031430 -1.00930617 0.51139133 1.96083300 2.17242815 2.55573715 3.08199666 3.77586430 4.55016978 5.38678036
3.76839994 -20.66809381 -14.94644492 -12.82163071 -9.94209865 -8.38589770 -7.39264047 -1.55172182 -1.00404500 0.52437588 1.93704677 2.15067779 2.54201596 3.07917375 3.80003720 4.54056570 5.39529552
3.78430674 -20.68477294 -14.95783500 -12.82969807 -9.93407132 -8.38831625 -7.38314906 -1.53603548 -0.99995219 0.53583456 1.91493474 2.13285142 2.53062611 3.07703522 3.82125490 4.53332151 5.40286795
3.80021354 -20.69859774 -14.96731642 -12.83641302 -9.92738194 -8.39004220 -7.37551082 -1.52322911 -0.99685103 0.54553281 1.89541960 2.11871284 2.52146552 3.07546045 3.83907340 4.52806037 5.40931901
3.81612034 -20.70946258 -14.97479256 -12.84170856 -9.92210313 -8.39122319 -7.36965003 -1.51328422 -0.99459442 0.55327737 1.87934071 2.10799709 2.51444419 3.07434895 3.85318275 4.52441878 5.41449833
3.83202714 -20.71728445 -14.98018742 -12.84553113 -9.91829180 -8.39197854 -7.36550718 -1.50618844 -0.99306637 0.55891729 1.86738205 2.10047431 2.50948887 3.07362217 3.86337878 4.52207563 5.41828585
3.84793393 -20.72200359 -14.98344621 -12.84784168 -9.91598881 -8.39239598 -7.36303944 -1.50193410 -0.99218322 0.56234452 1.86003957 2.09597656 2.50654601 3.07322392 3.86953727 4.52077910 5.42059394
3.86384073 -20.72358395 -14.98453589 -12.84861644 -9.91521874 -8.39252915 -7.36222097 -1.50051711 -0.99189446 0.56349421 1.85761112 2.09440398 2.50558360 3.07312008 3.87159300 4.52036855 5.42136917
