# EF=-2.1742 eV; G-K-M-G of DFT cell
0.00000000 -18.34319615 -18.17733862 -6.71281561 -5.55579196 -2.18915407 -2.18903640 -1.84303566 -1.84294552 4.29613651 4.67696264 5.06911486 5.84312261 6.26016289 7.64220162 7.82398208 8.90905579
0.02120906 -18.33895645 -18.16954668 -6.71137806 -5.55442464 -2.20633564 -2.17848383 -1.84755482 -1.84492002 4.29425643 4.65501676 5.07481612 5.83629931 6.25865161 7.64904846 7.84959788 8.90154351
0.04241812 -18.32693258 -18.15513297 -6.70710400 -5.55033397 -2.23040276 -2.17435192 -1.85998699 -1.85189232 4.29842344 4.63912401 5.08592249 5.83027441 6.25621076 7.65614026 7.87495744 8.88338320
0.06362718 -18.30883418 -18.13270558 -6.69999185 -5.54352341 -2.26115202 -2.17694930 -1.88039824 -1.86358690 4.30871396 4.62964016 5.10226027 5.82474210 6.25278060 7.66454225 7.89879906 8.85525427
0.08483624 -18.28669290 -18.10070113 -6.69003906 -5.53399715 -2.29844090 -2.18658630 -1.90856400 -1.87987018 4.32501833 4.62689644 5.12358294 5.81949631 6.24832673 7.67482372 7.92036503 8.81815568
0.10604530 -18.26238119 -18.05785653 -6.67724220 -5.52176016 -2.34213557 -2.20364348 -1.94410234 -1.90060401 4.34701707 4.63119579 5.14956563 5.81444894 6.24286543 7.68724358 7.93919417 8.77340857
0.12725436 -18.23708997 -18.00371942 -6.66159720 -5.50681817 -2.39211487 -2.22858406 -1.98647659 -1.92563172 4.37414867 4.64281332 5.17979501 5.80964417 6.23650797 7.70184040 7.95500754 8.72265332
0.14846343 -18.21121346 -17.93874888 -6.64309957 -5.48917781 -2.44827606 -2.26195441 -2.03498876 -1.95478547 4.40556932 4.66199874 5.21375760 5.80526211 6.22953211 7.71845860 7.96765898 8.66783531
0.16967249 -18.18464875 -17.86399941 -6.62174470 -5.46884672 -2.51054171 -2.30435123 -2.08880103 -1.98789901 4.44011158 4.68897273 5.25083227 5.80160203 6.22248870 7.73672745 7.97714178 8.61116849
0.19088155 -18.15713913 -17.78075943 -6.59752821 -5.44583372 -2.57886744 -2.35632684 -2.14701852 -2.02482129 4.47626089 4.72390019 5.29029553 5.79903768 6.21634324 7.75599254 7.98366705 8.55505872
0.21209061 -18.12845725 -17.69034866 -6.57044634 -5.42014900 -2.65324957 -2.41822566 -2.20884414 -2.06542716 4.51217876 4.76681775 5.33134718 5.79795590 6.21262790 7.77519070 7.98784735 8.50196154
0.23329967 -18.09845665 -17.59404636 -6.54049639 -5.39180438 -2.73373190 -2.49001534 -2.27374556 -2.10962204 4.54579445 4.81750601 5.37315227 5.79874473 6.21352751 7.79268596 7.99099237 8.45415233
0.25450873 -18.06706589 -17.49307669 -6.50767714 -5.36081368 -2.82041038 -2.57122832 -2.34151992 -2.15733963 4.57495806 4.87532694 5.41486848 5.80198494 6.22175506 7.80623287 7.99534175 8.41342511
0.27571779 -18.03426762 -17.38860929 -6.47198936 -5.32719310 -2.91343395 -2.66106144 -2.41220813 -2.20853382 4.59763331 4.93904394 5.45562852 5.80900673 6.24007669 7.81354318 8.00367625 8.38081550
0.29692685 -18.00007817 -17.28176000 -6.43343624 -5.29096179 -3.01299994 -2.75855170 -2.48593894 -2.26316794 4.61212562 5.00657145 5.49462012 5.82263076 6.27056601 7.81370433 8.01791968 8.35650284
0.31813591 -17.96453165 -17.17358836 -6.39202393 -5.25214263 -3.11934213 -2.86272124 -2.56280791 -2.32120400 4.61733711 5.07454490 5.53186497 5.84717972 6.31400404 7.80812917 8.03798508 8.33997246
0.33934497 -17.92766838 -17.06509221 -6.34776195 -5.21076335 -3.23271057 -2.97265408 -2.64282709 -2.38259400 4.61298791 5.13779015 5.57024205 5.88679040 6.36982375 7.79969742 8.06230764 8.33034188
0.36055403 -17.88952691 -16.95720069 -6.30066377 -5.16685829 -3.35334387 -3.08752253 -2.72592580 -2.44727396 4.59971822 5.18961171 5.61688854 5.94313129 6.43653152 7.79131080 8.08902567 8.32666415
0.38176309 -17.85013883 -16.85076675 -6.25074729 -5.12047124 -3.48143692 -3.20658837 -2.81197420 -2.51516068 4.57903533 5.22467478 5.68004938 6.01510463 6.51222874 7.78520513 8.11656893 8.32809370
0.40297215 -17.80952558 -16.74656003 -6.19803559 -5.07166034 -3.61710863 -3.32919236 -2.90081149 -2.58615067 4.55314048 5.24304625 5.76323682 6.10034230 6.59498018 7.78290088 8.14375850 8.33391263
0.42418121 -17.76769684 -16.64526064 -6.14255788 -5.02050738 -3.76037306 -3.45473606 -2.99227066 -2.66012068 4.52469810 5.24976734 5.86435821 6.19644370 6.68300367 7.78535866 8.16978297 8.34347117
0.44539028 -17.72465016 -16.54745433 -6.08435108 -4.96713658 -3.91111267 -3.58265633 -3.08619696 -2.73692932 4.49659912 5.25088569 5.97934440 6.30138399 6.77475259 7.79313644 8.19417797 8.35610850
0.46659934 -17.68037145 -16.45362926 -6.02346263 -4.91175847 -4.06904138 -3.71239127 -3.18245970 -2.81641946 4.47175081 5.25114574 6.10456977 6.41350700 6.86896005 7.80649262 8.21679700 8.37111749
0.48780840 -17.63483616 -16.36417433 -5.95995582 -4.85479288 -4.23361146 -3.84332930 -3.28095768 -2.89842092 4.45291092 5.25379143 6.23724515 6.53140750 6.96468667 7.82542913 8.23774209 8.38779295
0.50901746 -17.58801086 -16.27937922 -5.89392113 -4.79734922 -4.40361640 -3.97470848 -3.38161947 -2.98275329 4.44257223 5.26099917 6.37514190 6.65379245 7.06139299 7.84968166 8.25726675 8.40555159
0.53022652 -17.53985523 -16.19943590 -5.82550219 -4.74507751 -4.57358777 -4.10534570 -3.48439944 -3.06922849 4.44289385 5.27427541 6.51629145 6.77932465 7.15904286 7.87866972 8.27570327 8.42407490
0.55143558 -17.49032408 -16.12444161 -5.75496440 -4.78838059 -4.65448887 -4.23267475 -3.58927028 -3.15765272 4.45567022 5.29471447 6.65877147 6.90643864 7.25822498 7.91142648 8.29345947 8.44343539
0.57264464 -17.43936946 -16.05440289 -5.68291547 -4.96287338 -4.61769409 -4.34810954 -3.69621157 -3.24782713 4.48232675 5.32314980 6.80055211 7.03315938 7.36022656 7.94654968 8.31108886 8.46419985
0.59385370 -17.38694275 -15.98924080 -5.61128074 -5.14809347 -4.61728161 -4.41510245 -3.80519019 -3.33954610 4.52393248 5.36023919 6.93935071 7.15708076 7.46686127 7.98226874 8.32938648 8.48752285
0.61506276 -17.33299661 -15.92879674 -5.55101741 -5.32401422 -4.70031380 -4.39470973 -3.91611227 -3.43259020 4.58122203 5.40651170 7.07243555 7.27580841 7.57967586 8.01684176 8.34940634 8.51522985
0.63627182 -17.27748679 -15.87283902 -5.59589571 -5.39510904 -4.81842909 -4.33639057 -4.02862554 -3.52670667 4.65462135 5.46239309 7.19635957 7.38788173 7.69827471 8.04968768 8.37231239 8.54982459
0.65748088 -17.22037380 -15.82106974 -5.76982324 -5.33671193 -4.94412012 -4.26999886 -4.14023881 -3.62155423 4.74427331 5.52821922 7.30680191 7.49311270 7.81797240 8.08390809 8.39922984 8.59426716
0.67868994 -17.16162445 -15.77313203 -5.96283801 -5.26016280 -5.06886484 -4.27446904 -4.17856690 -3.71652035 4.85006019 5.60424298 7.39892644 7.59095419 7.92680127 8.13072881 8.43157512 8.65146144
0.69989900 -17.10121326 -15.72861740 -6.15867211 -5.23034382 -5.14126760 -4.38772357 -4.10901854 -3.80990009 4.97162071 5.69063777 7.46812848 7.67777044 8.00949922 8.20712657 8.47190362 8.72377671
0.72110806 -17.03912381 -15.68707310 -6.35408216 -5.34178699 -5.06841960 -4.50842435 -4.04268051 -3.89247466 5.10835933 5.78749842 7.51037304 7.74664660 8.07392206 8.30907562 8.52422250 8.81293778
0.74231713 -16.97535000 -15.64800956 -6.54755604 -5.46762997 -4.97753922 -4.63184137 -4.04803664 -3.90063049 5.25944481 5.89483851 7.52295360 7.79209589 8.14206485 8.41698185 8.59222773 8.91988854
0.76352619 -16.90989736 -15.61090762 -6.73805454 -5.59414308 -4.88262490 -4.75724719 -4.13071169 -3.82930601 5.42379361 6.01257790 7.50630847 7.81415242 8.22160253 8.52267163 8.67553717 9.04416527
0.78473525 -16.84278439 -15.57522572 -6.92475029 -5.72009323 -4.88563047 -4.78381238 -4.22596911 -3.74332420 5.60003036 6.14050255 7.46422302 7.81559179 8.31078455 8.62810282 8.76919761 9.18345501
0.80594431 -16.77404391 -15.54040687 -7.10695208 -5.84515551 -5.01469003 -4.68386874 -4.32367391 -3.65260753 5.78641090 6.27813973 7.40185800 7.79889964 8.40715713 8.73642509 8.86850448 9.33421102
0.82715337 -16.70372457 -15.50588551 -7.28407740 -5.96920701 -5.14564446 -4.58324558 -4.42043035 -3.55891079 5.98067337 6.42435875 7.32449317 7.76632018 8.50941722 8.84817920 8.97158155 9.49278769
0.84836243 -16.63189238 -15.47109407 -7.45564016 -6.09219448 -5.27812927 -4.53836457 -4.45955476 -3.46280839 6.17970395 6.57594510 7.23871530 7.72034737 8.61686765 8.96221424 9.07840595 9.65613528
0.86957149 -16.55863238 -15.43546933 -7.62124367 -6.21409272 -5.41197066 -4.62965565 -4.36042760 -3.36457632 6.37845440 6.72152073 7.15928966 7.66422700 8.72898823 9.07714441 9.18945234 9.82192731
0.89078055 -16.48405030 -15.39845854 -7.78057544 -6.33488599 -5.54700376 -4.72907067 -4.25098402 -3.26438978 6.56370182 6.81924240 7.13622942 7.60369092 8.84530342 9.19217761 9.30487462 9.98843169
0.91198961 -16.40827429 -15.35952516 -7.93340251 -6.45455718 -5.68306024 -4.82937014 -4.13838872 -3.16238543 6.66209217 6.87016051 7.22560994 7.55498557 8.96536097 9.30734945 9.42422538 10.15434428
0.93319867 -16.33145662 -15.31815437 -8.07956711 -6.57308033 -5.81996649 -4.92987808 -4.02326597 -3.05868612 6.58762868 6.99828694 7.32767323 7.57940440 9.08873273 9.42327404 9.54665388 10.31865728
0.95440773 -16.25377524 -15.27385817 -8.21898227 -6.69041466 -5.95754371 -5.03036942 -3.90580655 -2.95341237 6.45182973 7.08070632 7.39658376 7.73339845 9.21501366 9.54075342 9.67126347 10.48056917
0.97561679 -16.17543518 -15.22618006 -8.35162756 -6.80649965 -6.09560863 -5.13071672 -3.78611924 -2.84668864 6.29424078 7.04625231 7.53600761 7.94389685 9.34381356 9.66055383 9.79732569 10.63942617
0.99682585 -16.09666966 -15.17469940 -8.47754498 -6.92125075 -6.23397437 -5.23082517 -3.66429594 -2.73864699 6.12316612 6.95381912 7.71658100 8.17184902 9.47473822 9.78337588 9.92432403 10.79468490
1.01803491 -16.01774081 -15.11903532 -8.59683495 -7.03455571 -6.37245141 -5.33061352 -3.54043155 -2.62942937 5.94164638 6.83953419 7.90927431 8.40574473 9.60735689 9.90992121 10.05192063 10.94588847
1.03924398 -15.93893978 -15.05885015 -8.70965244 -7.14627145 -6.51084855 -5.43000671 -3.41463286 -2.51918892 5.75132825 6.71402628 8.10600638 8.63989380 9.74115675 10.04097772 10.17991157 11.09265124
1.06045304 -15.86058629 -14.99385259 -8.81620338 -7.25622151 -6.64897393 -5.52893219 -3.28702405 -2.40809060 5.55337869 6.58144506 8.30391164 8.87027571 9.87549584 10.17746503 10.30819860 11.23464891
1.08166210 -15.78302727 -14.92380032 -8.91674113 -7.36419421 -6.78663602 -5.62731780 -3.15775104 -2.29631095 5.34877860 6.44405347 8.50150228 9.09358819 10.00958522 10.32036229 10.43679893 11.37161206
1.10287116 -15.70663468 -14.84850222 -9.01156298 -7.46994161 -6.92364454 -5.72509019 -3.02698577 -2.18403703 5.13843543 6.30341965 8.69773204 9.30704508 10.14254182 10.47038405 10.56596417 11.50332178
1.12408022 -15.63180228 -14.76782006 -9.10100673 -7.57317953 -7.05981130 -5.82217367 -2.89493065 -2.07146421 4.92323027 6.16080402 8.89172491 9.50844449 10.27352274 10.62703055 10.69677600 11.62960664
1.14528928 -15.55894149 -14.68166964 -9.18544696 -7.67358879 -7.19495084 -5.91848904 -2.76182390 -1.95879267 4.70403709 6.01730855 9.08268866 9.69632278 10.40187928 10.78496280 10.83439008 11.75034061
1.16649834 -15.48847618 -14.59002119 -9.26529100 -7.77081815 -7.32888096 -6.01395271 -2.62794581 -1.84622200 4.48172895 5.87394219 9.26988702 9.87004639 10.52723259 10.92928845 10.99254566 11.86544183
1.18770740 -15.42083649 -14.49289903 -9.34097427 -7.86448916 -7.46142266 -6.10847577 -2.49362661 -1.73394362 4.25717748 5.73165227 9.45263149 10.02974347 10.64943510 11.06070912 11.16850652 11.97487251
1.20891646 -15.35645169 -14.39038052 -9.41295485 -7.95420353 -7.59239974 -6.20196315 -2.35925631 -1.62213025 4.03124882 5.59134040 9.63027871 10.17608617 10.76846795 11.18756895 11.35132311 12.07864129
1.23012552 -15.29574189 -14.28259429 -9.48170697 -8.03955355 -7.72163718 -6.29431286 -2.22529695 -1.51092197 3.80479792 5.45387057 9.80222761 10.31002552 10.88434144 11.31198255 11.53606250 12.17681036
1.25133458 -15.23910883 -14.16971802 -9.54771346 -8.12013678 -7.84895758 -6.38541525 -2.09229757 -1.40040836 3.57866199 5.32007252 9.96791312 10.43258190 10.99703047 11.43423138 11.71967483 12.26951404
1.27254364 -15.18692563 -14.05197587 -9.61145716 -8.19557777 -7.97417220 -6.47515232 -1.96091146 -1.29060689 3.35365389 5.19074212 10.12679366 10.54473355 11.10644526 11.55413382 11.89973271 12.35700412
1.29375270 -15.13952565 -13.92963585 -9.67341154 -8.26556846 -8.09705494 -6.56339697 -1.83191397 -1.18143924 3.13055577 5.06663916 10.27832828 10.64739312 11.21242669 11.67133738 12.07407483 12.43976646
1.31496176 -15.09719097 -13.80300739 -9.73403138 -8.32998912 -8.21723589 -6.65001228 -1.70621663 -1.07270937 2.91011323 4.94848284 10.42193589 10.74144769 11.31475573 11.78540418 12.24038617 12.51884715
1.33617083 -15.06014078 -13.67243928 -9.79374403 -8.38971734 -8.33340596 -6.73485061 -1.58486937 -0.96409160 2.69303012 4.83694520 10.55692044 10.82785184 11.41316876 11.89584691 12.39511973 12.59686059
1.35737989 -15.02852043 -13.53831824 -9.85294247 -8.46152294 -8.42843303 -6.81775254 -1.46903898 -0.85514044 2.47996412 4.73264228 10.68233169 10.90778961 11.50737380 12.00215060 12.53058610 12.68083760
1.37858895 -15.00239181 -13.40106855 -9.91198096 -8.56810702 -8.47932966 -6.89854551 -1.35995085 -0.74533525 2.27152312 4.63612345 10.79672397 10.98293688 11.59706445 12.10378904 12.63436675 12.78275745
1.39979801 -14.98172579 -13.26115292 -9.97117372 -8.67661252 -8.51874408 -6.97704198 -1.25878970 -0.63416435 2.06826242 4.54785918 10.89789649 11.05573946 11.68193102 12.20023810 12.70746642 12.90134893
1.42100707 -14.96639749 -13.11907527 -10.03079653 -8.78244992 -8.55112962 -7.05303698 -1.16657476 -0.52123379 1.87068277 4.46822780 10.98329404 11.12902791 11.76166900 12.29098572 12.76306663 13.02329790
1.44221613 -14.95618484 -12.97538593 -10.09109076 -8.88489455 -8.57713644 -7.12630488 -1.08404658 -0.40636450 1.67922934 4.39750228 11.05205324 11.20398428 11.83598629 12.37553785 12.80841290 13.14132853
1.46342519 -14.95077078 -12.83069018 -10.15226856 -8.98351315 -8.59716793 -7.19659500 -1.01160613 -0.28963856 1.49429160 4.33583807 11.10645607 11.27869923 11.90461029 12.45341952 12.84614195 13.25285138
1.48463425 -14.94974925 -12.68566095 -10.21451820 -9.07787669 -8.61164549 -7.26362598 -0.94932254 -0.17137961 1.31620450 4.28326348 11.15000935 11.35010058 11.96729574 12.52417019 12.87730235 13.35692520
1.50584331 -14.95263464 -12.54105710 -10.27800838 -9.16748781 -8.62105362 -7.32707851 -0.89699268 -0.05208656 1.14525155 4.23967372 11.18547807 11.41592534 12.02383378 12.58733273 12.90240048 13.45320146
1.52705237 -14.95887441 -12.39774837 -10.34289111 -9.25173739 -8.62595070 -7.38658644 -0.85421915 0.06764279 0.98167212 4.20482990 11.21469015 11.47491714 12.07406188 12.64243506 12.92175109 13.54157360
1.54826143 -14.96786407 -12.25674821 -10.40930281 -9.32986253 -8.62697307 -7.44172647 -0.82048071 0.18716117 0.82568323 4.17836355 11.23889487 11.52646671 12.11787411 12.68896447 12.93562150 13.62204334
1.56947049 -14.97896399 -12.11925440 -10.47736397 -9.40089966 -8.62483799 -7.49200713 -0.79518481 0.30571853 0.67758124 4.15978676 11.25903353 11.57033659 12.15523055 12.72633673 12.94430974 13.69466282
1.59067955 -14.99151700 -11.98669499 -10.54717774 -9.46363388 -8.62034581 -7.53685916 -0.77770381 0.42112220 0.53910927 4.14850734 11.27588188 11.60651062 12.18616443 12.75387222 12.94819111 13.75950748
1.61188862 -15.00486620 -11.86077097 -10.61882784 -9.51655255 -8.61437818 -7.57563081 -0.76740020 0.39981892 0.54338831 4.14384806 11.29011867 11.63511403 12.21078547 12.77081146 12.94771817 13.81666343
1.63309768 -15.01837226 -11.74347680 -10.69237614 -9.55782223 -8.60788700 -7.60759387 -0.76364570 0.27623365 0.65558359 4.14506829 11.30235758 11.65636741 12.22927800 12.77642428 12.94332827 13.86622216
1.65430674 -15.03142964 -11.63706413 -10.76785989 -9.58532382 -8.60186643 -7.63196787 -0.76583667 0.15902071 0.76665449 4.15138654 11.31316090 11.67055673 12.24189254 12.77022712 12.93524783 13.90827942
1.67551580 -15.04348135 -11.54390139 -10.84528855 -9.59679393 -8.59730159 -7.64796894 -0.77340675 0.04926853 0.87514896 4.16200260 11.32304390 11.67801123 12.24892957 12.75217914 12.92332516 13.94293636
1.68612033 -15.04012937 -11.56939621 -10.82528549 -9.59316908 -8.59876729 -7.64357724 -0.77159638 0.07348791 0.85112224 4.15940039 11.32009158 11.67635465 12.24767295 12.75893567 12.92494287 13.93376166
1.69672486 -15.03605415 -11.59658015 -10.81018300 -9.58244326 -8.60091044 -7.63651973 -0.77121538 0.09340928 0.83252615 4.15771234 11.31645485 11.67359115 12.24507417 12.76390931 12.92559853 13.92098909
1.70732939 -15.03124949 -11.62484210 -10.80072260 -9.56445857 -8.60374028 -7.62681016 -0.77221732 0.10832403 0.82000815 4.15689734 11.31212905 11.66982218 12.24117326 12.76692106 12.92549817 13.90461320
1.71793392 -15.02571572 -11.65375168 -10.79721393 -9.53931001 -8.60724699 -7.61448029 -0.77455544 0.11766759 0.81407331 4.15691355 11.30709829 11.66515234 12.23600588 12.76779434 12.92486035 13.88463730
1.72853845 -15.01945954 -11.68300508 -10.79960287 -9.50733239 -8.61140325 -7.59957797 -0.77818268 0.12113627 0.81496729 4.15771858 11.30133618 11.65968826 12.22960269 12.76637675 12.92389487 13.86107408
1.73914298 -15.01249391 -11.71238781 -10.80755839 -9.46905172 -8.61616629 -7.58216460 -0.78305154 0.11876315 0.82260037 4.15926961 11.29480695 11.65353704 12.22198873 12.76256577 12.92277757 13.83394628
1.74974751 -15.00483785 -11.74174958 -10.82056672 -9.42511767 -8.62147983 -7.56231236 -0.78911403 0.11091377 0.83655160 4.16152355 11.28746711 11.64680404 12.21318306 12.75633059 12.92162868 13.80328748
1.76035204 -14.99651619 -11.77098726 -10.83801778 -9.37623622 -8.62727541 -7.54010122 -0.79632161 0.09820290 0.85615186 4.16443726 11.27926760 11.63958995 12.20319853 12.74772206 12.92050290 13.76914305
1.77095657 -14.98755934 -11.80003330 -10.85927299 -9.32311662 -8.63347252 -7.51561625 -0.80462515 0.08137315 0.88060508 4.16796765 11.27015655 11.63198712 12.19204188 12.73686745 12.91939448 13.73157123
1.78156110 -14.97800298 -11.82884772 -10.88371123 -9.26643864 -8.63997639 -7.48894516 -0.81397487 0.06118366 0.90909943 4.17207186 11.26008232 11.62407528 12.17971420 12.72395368 12.91825329 13.69064446
1.79216563 -14.96788777 -11.85741246 -10.91075506 -9.20684104 -8.64667137 -7.46017628 -0.82432035 0.03833537 0.94088185 4.17670740 11.24899698 11.61591660 12.16621189 12.70920643 12.91700461 13.64645097
1.80277016 -14.95725899 -11.88572731 -10.93988235 -9.14493101 -8.65340607 -7.42939695 -0.83561052 0.01343508 0.97529392 4.18183227 11.23685958 11.60755059 12.15152816 12.69287140 12.91556611 13.59909680
1.81337469 -14.94616615 -11.91380680 -10.97062839 -9.08131943 -8.65996061 -7.39669247 -0.84779367 -0.01301276 1.01177986 4.18740513 11.22363913 11.59898887 12.13565521 12.67520012 12.91385931 13.54870835
1.82397922 -14.93466267 -11.94167784 -11.00258276 -9.01670244 -8.66597162 -7.36214525 -0.86081751 -0.04059878 1.04987923 4.19338537 11.20931684 11.59021040 12.11858722 12.65644018 12.91181560 13.49543550
1.83458375 -14.92280542 -11.96937765 -11.03538378 -8.95205604 -8.67074602 -7.32583455 -0.87462922 -0.06899519 1.08921331 4.19973319 11.19388737 11.58115725 12.10032382 12.63682820 12.90937832 13.43945592
1.84518828 -14.91065433 -11.99695195 -11.06871237 -8.88915388 -8.67275151 -7.28783629 -0.88917550 -0.09794109 1.12947033 4.20640974 11.17735885 11.57173138 12.08087408 12.61658376 12.90650208 13.38098051
1.85579281 -14.89827198 -12.02445323 -11.10228624 -8.83199777 -8.66819368 -7.24822322 -0.90440270 -0.12722911 1.17039209 4.21337712 11.15975169 11.56179256 12.06026036 12.59590319 12.90315054 13.32026100
1.86639734 -14.88572313 -12.05193887 -11.13585500 -8.78914293 -8.64869733 -7.20706525 -0.92025694 -0.15669417 1.21176267 4.22059844 11.14109631 11.55115777 12.03852110 12.57495254 12.89929245 13.25760062
1.87700187 -14.87307433 -12.07946940 -11.16919626 -8.76807854 -8.60693126 -7.16442983 -0.93668418 -0.18620442 1.25339943 4.22803787 11.12142985 11.53960259 12.01571142 12.55385921 12.89489468 13.19337014
1.88760640 -14.86039345 -12.10710638 -11.20211280 -8.76306262 -8.54877777 -7.12038249 -0.95363047 -0.21565411 1.29514586 4.23566062 11.10079206 11.52686518 11.99189981 12.53270245 12.88990737 13.12803513
1.89821093 -14.84774930 -12.13491038 -11.23443058 -8.76551339 -8.48294465 -7.07498738 -0.97104205 -0.24495804 1.33686617 4.24343295 11.07922072 11.51265386 11.96715898 12.51150255 12.88422283 13.06221338
1.90881547 -14.83521112 -12.16293876 -11.26599766 -8.77134086 -8.41363617 -7.02830786 -0.98886557 -0.27404728 1.37844102 4.25132213 11.05674641 11.49665931 11.94154945 12.49020923 12.87752153 12.99684926
1.91942000 -14.82284827 -12.19124349 -11.29668359 -8.77891836 -8.34258352 -6.98040705 -1.00704828 -0.30286582 1.41976440 4.25929644 11.03338692 11.47857177 11.91509506 12.46869053 12.86837298 12.93413601
1.93002453 -14.81072974 -12.21986906 -11.32637925 -8.78754755 -8.27058117 -6.93134839 -1.02553825 -0.33136802 1.46074115 4.26732509 11.00914098 11.45810298 11.88775220 12.44672598 12.84629088 12.88548172
1.94062906 -14.79892379 -12.24885053 -11.35499686 -8.79689684 -8.19804951 -6.88119613 -1.04428461 -0.35951654 1.50128513 4.27537817 10.98398147 11.43501018 11.85937773 12.42401375 12.79605003 12.86719919
1.95123359 -14.78749758 -12.27821193 -11.38246998 -8.80679629 -8.12524057 -6.83001577 -1.06323773 -0.38728081 1.54131789 4.28342663 10.95784779 11.40911807 11.82970543 12.40021114 12.74065475 12.85750519
1.96183812 -14.77651678 -12.30796511 -11.40875336 -8.81715468 -8.05232143 -6.77787445 -1.08234950 -0.41463577 1.58076760 4.29144218 10.93063754 11.38033330 11.79834491 12.37503591 12.68876305 12.84898897
1.97244265 -14.76604523 -12.33810894 -11.43382249 -8.82792227 -7.97941176 -6.72484122 -1.10157352 -0.44156084 1.61956830 4.29939727 10.90219745 11.34864708 11.76481878 12.34844049 12.64245951 12.84063317
1.98304718 -14.75614465 -12.36862922 -11.45767271 -8.83907230 -7.90660248 -6.67098728 -1.12086531 -0.46803915 1.65765939 4.30726501 10.87231435 11.31412399 11.72864997 12.32080376 12.60259673 12.83221254
1.99365171 -14.74687425 -12.39949892 -11.48031801 -8.85059113 -7.83396573 -6.61638610 -1.14018250 -0.49405689 1.69498521 4.31501918 10.84070682 11.27687842 11.68949650 12.29299801 12.56924340 12.82367450
2.00425624 -14.73829047 -12.43067909 -11.50178937 -8.86247246 -7.76156074 -6.56111345 -1.15948505 -0.51960279 1.73149482 4.32263416 10.80701976 11.23704329 11.64730754 12.26621766 12.54185147 12.81502304
2.01486077 -14.73044673 -12.46211999 -11.52213279 -8.87471383 -7.68943741 -6.50524739 -1.17873532 -0.54466765 1.76714177 4.33008496 10.77082410 11.19473715 11.60245109 12.24164365 12.51952775 12.80628664
2.02546530 -14.72339310 -12.49376256 -11.54140714 -8.88731431 -7.61763876 -6.44886813 -1.19789828 -0.56924405 1.80188404 4.33734723 10.73162536 11.15003858 11.55576081 12.22015106 12.50130656 12.79750699
2.03606983 -14.71717606 -12.52554016 -11.55968180 -8.90027286 -7.54620265 -6.39205785 -1.21694152 -0.59332601 1.83568398 4.34439730 10.68888433 11.10297850 11.50847508 12.20219352 12.48631677 12.78873424
2.04667436 -14.71183831 -12.55738016 -11.57703437 -8.91358730 -7.47516313 -6.33490046 -1.23583537 -0.61690874 1.86850828 4.35121227 10.64205196 11.05356171 11.46207943 12.18784743 12.47383973 12.78002460
2.05727889 -14.70741845 -12.58920571 -11.59354836 -8.92725343 -7.40455146 -6.27748129 -1.25455288 -0.63998847 1.90032794 4.35777007 10.59061784 11.00182015 11.41809208 12.17692992 12.46330424 12.77143881
2.06788342 -14.70395086 -12.62093720 -11.60931110 -8.94126444 -7.33439709 -6.21988680 -1.27306982 -0.66256225 1.93111831 4.36404961 10.53416717 10.94788139 11.37784660 12.16911826 12.45425915 12.76304079
2.07848795 -14.70146541 -12.65249374 -11.62441179 -8.95561054 -7.26472836 -6.16220424 -1.29136462 -0.68462781 1.96085902 4.37003094 10.47243689 10.89201582 11.34232953 12.16403829 12.44634415 12.75489625
2.08909248 -14.69998731 -12.68379432 -11.63893977 -8.97027863 -7.19557330 -6.10452128 -1.30941828 -0.70618342 1.98953403 4.37569535 10.40535862 10.83462954 11.31211502 12.16131802 12.43926624 12.74707099
2.09969701 -14.69953688 -12.71475880 -11.65298301 -8.98525216 -7.12696020 -6.04692567 -1.32721425 -0.72722780 2.01713154 4.38102565 10.33307670 10.77620280 11.28739914 12.16061448 12.43278306 12.73962880
2.11030154 -14.70012940 -12.74530879 -11.66662686 -9.00051103 -7.05891819 -5.98950496 -1.34473828 -0.74775999 2.04364394 4.38600628 10.25593535 10.71720849 11.26809656 12.16162375 12.42669204 12.73262906
2.12090607 -14.70177490 -12.77536828 -11.67995296 -9.01603164 -6.99147780 -5.93234619 -1.36197821 -0.76777933 2.06906777 4.39062357 10.17443842 10.65805002 11.25395059 12.16408141 12.42082412 12.72612392
2.13151060 -14.70447802 -12.80486415 -11.69303836 -9.03178695 -6.92467138 -5.87553560 -1.37892379 -0.78728531 2.09340351 4.39486593 10.08919388 10.59903596 11.24462322 12.16775866 12.41504066 12.72015545
2.14211513 -14.70823781 -12.83372659 -11.70595477 -9.04774666 -6.85853353 -5.81915845 -1.39556642 -0.80627754 2.11665556 4.39872401 10.00085770 10.54038563 11.23975473 12.17245631 12.40923248 12.71475280
2.15271966 -14.71304759 -12.86188942 -11.71876801 -9.06387742 -6.79310143 -5.76329884 -1.41189893 -0.82475571 2.13883196 4.40219094 9.91008810 10.48225005 11.23899648 12.17799834 12.40332026 12.70992986
2.16332419 -14.71889480 -12.88929032 -11.73153750 -9.08014310 -6.72841515 -5.70803954 -1.42791531 -0.84271951 2.15994426 4.40526246 9.81751467 10.42473526 11.24202524 12.18422532 12.39725561 12.70568362
2.17392872 -14.72576088 -12.91587107 -11.74431593 -9.09650510 -6.66451787 -5.65346188 -1.44361043 -0.86016860 2.18000729 4.40793704 9.72372142 10.36792137 11.24854671 12.19098779 12.39102260 12.70199351
2.18453325 -14.73362113 -12.94157774 -11.75714896 -9.11292269 -6.60145611 -5.59964572 -1.45897980 -0.87710256 2.19903889 4.41021600 9.62924025 10.31187561 11.25829361 12.19813930 12.38463960 12.69882183
2.19513778 -14.74244460 -12.96636089 -11.77007498 -9.12935338 -6.53927981 -5.54666934 -1.47401932 -0.89352088 2.21705968 4.41210359 9.53455104 10.25666028 11.27102135 12.20552860 12.37816206 12.69611520
2.20574232 -14.75219406 -12.99017573 -11.78312497 -9.14575328 -6.47804245 -5.49460947 -1.48872497 -0.90942294 2.23409275 4.41360698 9.44008535 10.20233704 11.28650325 12.21299029 12.37168668 12.69380693
2.21634685 -14.76282596 -13.01298239 -11.79632239 -9.16207752 -6.41780106 -5.44354124 -1.50309262 -0.92480796 2.25016340 4.41473627 9.34623154 10.14896895 11.30452591 12.22033321 12.36535797 12.69181983
2.22695138 -14.77429041 -13.03474607 -11.80968309 -9.17828059 -6.35861627 -5.39353817 -1.51711782 -0.93967504 2.26529880 4.41550442 9.25334020 10.09662112 11.32488528 12.22732635 12.35937761 12.69006938
2.23755591 -14.78653124 -13.05543727 -11.82321527 -9.19431677 -6.30055217 -5.34467219 -1.53079553 -0.95402311 2.27952775 4.41592715 9.16172923 10.04536079 11.34738339 12.23368453 12.35401452 12.68846681
2.24816044 -14.79948615 -13.07503205 -11.83691950 -9.21014046 -6.24367630 -5.29701361 -1.54412000 -0.96785098 2.29288030 4.41602282 9.07168833 9.99525700 11.37182583 12.23906187 12.34960762 12.68692199
2.25876497 -14.81308688 -13.09351224 -11.85078874 -9.22570650 -6.18805948 -5.25063108 -1.55708462 -0.98115731 2.30538750 4.41581223 8.98348275 9.94638020 11.39801968 12.24307200 12.34654270 12.68534594
2.26936950 -14.82725943 -13.11086561 -11.86480836 -9.24097056 -6.13377562 -5.20559157 -1.56968176 -0.99394065 2.31708106 4.41531845 8.89735642 9.89880178 11.42577203 12.24535931 12.34517875 12.68365301
2.27997403 -14.84192444 -13.12708609 -11.87895631 -9.25588935 -6.08090155 -5.16196030 -1.58190270 -1.00619944 2.32799313 4.41456655 8.81353454 9.85259365 11.45488881 12.24571750 12.34572766 12.68176264
2.29057856 -14.85699758 -13.14217389 -11.89320320 -9.27042092 -6.02951675 -5.11980065 -1.59373759 -1.01793204 2.33815593 4.41358337 8.73222558 9.80782786 11.48517392 12.24418466 12.34815797 12.67960084
2.30118309 -14.87239005 -13.15613562 -11.90751249 -9.28452491 -5.97970307 -5.07917408 -1.60517538 -1.02913676 2.34760159 4.41239724 8.65362301 9.76457624 11.51642849 12.24102832 12.35220900 12.67710151
2.31178762 -14.88800912 -13.16898428 -11.92184071 -9.29816267 -5.93154440 -5.04013998 -1.61620388 -1.03981185 2.35636180 4.41103770 8.57790656 9.72291007 11.54845023 12.23663399 12.35750191 12.67420751
2.32239215 -14.90375881 -13.18073931 -11.93613776 -9.31129751 -5.88512631 -5.00275556 -1.62680976 -1.04995556 2.36446768 4.40953520 8.50524333 9.68289975 11.58103281 12.23139132 12.36365346 12.67087177
2.33299668 -14.91954060 -13.19142638 -11.95034723 -9.32389473 -5.84053565 -4.96707567 -1.63697867 -1.05956612 2.37194949 4.40792078 8.43578865 9.64461457 11.61396510 12.22563442 12.37033582 12.66705837
2.34360121 -14.93525417 -13.20107728 -11.96440683 -9.33592180 -5.79786008 -4.93315262 -1.64669529 -1.06864178 2.37883651 4.40622583 8.36968668 9.60812235 11.64703036 12.21962943 12.37728931 12.66274375
2.35420574 -14.95079820 -13.20972956 -11.97824890 -9.34734838 -5.75718762 -4.90103608 -1.65594351 -1.07718084 2.38515683 4.40448172 8.30707106 9.57348920 11.68000518 12.21358376 12.38431362 12.65791797
2.36481027 -14.96607126 -13.21742615 -11.99180102 -9.35814634 -5.71860607 -4.87077285 -1.66470661 -1.08518161 2.39093721 4.40271956 8.24806527 9.54077923 11.71265821 12.20766030 12.39125417 12.65258625
2.37541480 -14.98097264 -13.22421483 -12.00498665 -9.36828982 -5.68220246 -4.84240675 -1.67296738 -1.09264248 2.39620299 4.40096991 8.19278300 9.51005426 11.74474875 12.20198981 12.39799033 12.64677057
2.38601933 -14.99540323 -13.23014761 -12.01772601 -9.37775519 -5.64806244 -4.81597846 -1.68070841 -1.09956184 2.40097794 4.39926248 8.14132845 9.48137355 11.77602521 12.19667994 12.40442691 12.64051157
2.39662386 -15.00926637 -13.23527994 -12.02993698 -9.38652100 -5.61626955 -4.79152546 -1.68791225 -1.10593817 2.40528422 4.39762589 8.09379657 9.45479348 11.80622388 12.19182095 12.41048865 12.63387035
2.40722839 -15.02246872 -13.23966986 -12.04153615 -9.39456796 -5.58690462 -4.76908192 -1.69456170 -1.11176997 2.40914229 4.39608741 8.05027323 9.43036732 11.83506829 12.18748830 12.41611728 12.62693032
2.41783292 -15.03492108 -13.24337696 -12.05243999 -9.40187888 -5.56004494 -4.74867865 -1.70064002 -1.11705578 2.41257088 4.39467273 8.01083539 9.40814488 11.86227027 12.18374217 12.42127037 12.61979854
2.42843745 -15.04653914 -13.24646128 -12.06256610 -9.40843859 -5.53576359 -4.73034315 -1.70613120 -1.12179419 2.41558692 4.39340572 7.97555129 9.38817226 11.88753374 12.18062343 12.42592169 12.61260622
2.43904198 -15.05724424 -13.24898208 -12.07183464 -9.41423386 -5.51412863 -4.71409963 -1.71102019 -1.12598378 2.41820560 4.39230826 7.94448050 9.37049162 11.91056283 12.17814590 12.43006249 12.60550787
2.44964651 -15.06696401 -13.25099659 -12.08016970 -9.41925333 -5.49520236 -4.69996905 -1.71529315 -1.12962316 2.42044027 4.39139998 7.91767412 9.35514084 11.93107543 12.17628501 12.43370279 12.59867836
2.46025104 -15.07563303 -13.25255861 -12.08750079 -9.42348744 -5.47904060 -4.68796927 -1.71893766 -1.13271093 2.42230251 4.39069814 7.89517483 9.34215334 11.94882150 12.17496549 12.43687134 12.59230747
2.47085557 -15.08319334 -13.25371727 -12.09376431 -9.42692835 -5.46569196 -4.67811515 -1.72194292 -1.13524572 2.42380210 4.39021747 7.87701703 9.33155786 11.96360268 12.17405376 12.43961206 12.58659198
2.48146010 -15.08959491 -13.25451569 -12.09890495 -9.42956983 -5.45519728 -4.67041867 -1.72429996 -1.13722611 2.42494703 4.38997000 7.86322694 9.32337821 11.97528563 12.17336391 12.44197494 12.58172588
2.49206464 -15.09479606 -13.25498981 -12.10287694 -9.43140726 -5.44758900 -4.66488910 -1.72600172 -1.13865071 2.42574355 4.38996493 7.85382269 9.31763315 11.98380087 12.17268535 12.44400044 12.57788975
2.50266917 -15.09876376 -13.25516739 -12.10564522 -9.43243756 -5.44289077 -4.66153309 -1.72704326 -1.13951808 2.42619615 4.39020858 7.84881445 9.31433623 11.98912378 12.17183213 12.44570031 12.57523994
2.51327370 -15.10147390 -13.25506717 -12.10718626 -9.43265911 -5.44111710 -4.66035477 -1.72742176 -1.13982682 2.42630756 4.39070427 7.84820452 9.31349567 11.99124448 12.17070029 12.44704175 12.57389736
2.53164128 -15.10564497 -13.27646387 -12.08399236 -9.42783716 -5.44006910 -4.65895791 -1.73264948 -1.14412108 2.43594053 4.39648945 7.84732296 9.31345890 11.98158207 12.16952447 12.43956453 12.56934757
2.55000887 -15.11683714 -13.33877849 -12.02182404 -9.41415569 -5.43752573 -4.65583259 -1.74823483 -1.15687736 2.46472601 4.41386992 7.84865753 9.30956042 11.95854111 12.16365964 12.41969594 12.55591823
2.56837646 -15.13486998 -13.43193662 -11.93069226 -9.39176832 -5.43348481 -4.65098596 -1.77390019 -1.17776948 2.51209103 4.44267955 7.85218110 9.30178503 11.92304342 12.15212557 12.38782662 12.53352207
2.58674405 -15.15947369 -13.54607884 -11.82032900 -9.36091127 -5.42794160 -4.64442758 -1.80919889 -1.20630647 2.57714441 4.48264168 7.85784673 9.29011489 11.87602300 12.13381762 12.34456877 12.50210987
2.60511163 -15.19030004 -13.67394084 -11.69780834 -9.32189309 -5.42088884 -4.63616927 -1.85353909 -1.24189455 2.65875486 4.53337821 7.86558761 9.27452971 11.81823997 12.10765873 12.29068206 12.46177756
2.62347922 -15.22693554 -13.81068134 -11.56772059 -9.27508222 -5.41231683 -4.62622508 -1.90621635 -1.28389843 2.75563507 4.59442105 7.87531704 9.25500702 11.75026998 12.07255199 12.22705701 12.41283978
2.64184681 -15.26891586 -13.95310832 -11.43294865 -9.22089339 -5.40221356 -4.61461106 -1.96645186 -1.33168999 2.86641835 4.66522491 7.88692817 9.23152236 11.67255784 12.02724728 12.15475520 12.35586789
2.66021440 -15.31574050 -14.09904777 -11.29530260 -9.15977382 -5.39056482 -4.60134516 -2.03343213 -1.38467956 2.98971955 4.74518040 7.90029364 9.20404976 11.58547525 11.97023255 12.07505914 12.29168928
2.67858198 -15.36688677 -14.24694018 -11.15592721 -9.09219020 -5.37735431 -4.58644700 -2.10634568 -1.44233093 3.12417782 4.83362646 7.91526489 9.17256239 11.48936629 11.89989305 11.98932746 12.22132532
2.69694957 -15.42182251 -14.39559997 -11.01554715 -9.01861680 -5.36256383 -4.56993768 -2.18441304 -1.50416446 3.26848264 4.92986155 7.93167109 9.13703364 11.38458031 11.81535026 11.89827424 12.14583789
2.71531716 -15.48001720 -14.54407396 -10.87461374 -8.93952537 -5.34617340 -4.55183962 -2.26690824 -1.56975338 3.42138666 5.03315319 7.94931743 9.09743884 11.27149532 11.71748931 11.80114559 12.06609907
2.73368475 -15.54095122 -14.69155764 -10.73339445 -8.85537673 -5.32816143 -4.53217628 -2.35317187 -1.63871715 3.58170926 5.14274555 7.96798251 9.05375793 11.15053455 11.60847589 11.69638663 11.98258781
2.75205233 -15.60412340 -14.83734505 -10.59202914 -8.76661419 -5.30850490 -4.51097202 -2.44261651 -1.71071438 3.74833441 5.25786521 7.98741425 9.00597959 11.02217761 11.49034747 11.58308345 11.89534217
2.77041992 -15.66905694 -14.98079866 -10.45056678 -8.67365856 -5.28717951 -4.48825182 -2.53472673 -1.78543645 3.92020556 5.37772506 8.00732347 8.95410765 10.88696729 11.36442532 11.46141709 11.80408340
2.78878751 -15.73530405 -15.12133117 -10.30899024 -8.57690465 -5.26415993 -4.46404114 -2.62905498 -1.86260222 4.09631936 5.50152647 8.02737375 8.89817116 10.74551236 11.23139073 11.33239391 11.70840331
2.80715510 -15.80244959 -15.25839468 -10.16723393 -8.47671898 -5.23941993 -4.43836572 -2.72521539 -1.94195381 4.27571950 5.62845990 8.04716475 8.83824061 10.59848728 11.09148106 11.19750144 11.60791028
2.82552268 -15.87011404 -15.39147424 -10.02519674 -8.37343846 -5.21293268 -4.41125140 -2.82287634 -2.02325319 4.45749129 5.75770383 8.06620397 8.77445491 10.44662958 10.94470965 11.05841446 11.50230453
2.84389027 -15.93795617 -15.52008401 -9.88275197 -8.26736994 -5.18467099 -4.38272401 -2.92175277 -2.10627938 4.64075728 5.88842182 8.08385683 8.70706896 10.29073632 10.79113999 10.91670122 11.39140264
2.86225786 -16.00567577 -15.64376479 -9.73975529 -8.15879035 -5.15460761 -4.35280925 -3.02159885 -2.19082616 4.82467402 6.01975746 8.09925330 8.63654213 10.13166085 10.63113641 10.77358129 11.27513740
2.88062544 -16.07301670 -15.76208213 -9.59605127 -8.04794737 -5.12271560 -4.32153265 -3.12220109 -2.27670008 5.00842984 6.15082602 8.11110433 8.56371332 9.97031118 10.46545473 10.62985634 11.15354996
2.89899303 -16.13977012 -15.87462472 -9.45147884 -7.93506054 -5.08896873 -4.28891962 -3.22337216 -2.36371870 5.19124344 6.28070155 8.11732798 8.49016012 9.80765104 10.29517287 10.48600912 11.02678200
2.91736062 -16.20577708 -15.98100374 -9.30587612 -7.82032255 -5.05334195 -4.25499555 -3.32494540 -2.45170908 5.37236305 6.40839636 8.11433300 8.41889201 9.64470359 10.12159151 10.34234376 10.89507044
2.93572821 -16.27092728 -16.08085617 -9.15908452 -7.70390097 -5.01581193 -4.21978627 -3.42676985 -2.54050644 5.55106573 6.53282813 8.09617957 8.35515473 9.48255529 9.94620280 10.19907897 10.75874529
2.95409579 -16.33514669 -16.17385922 -9.01095249 -7.58594001 -4.97635773 -4.18331895 -3.52870537 -2.62995299 5.72665641 6.65276519 8.05606520 8.30489958 9.32235081 9.77075150 10.05638810 10.61823035
2.97246338 -16.39836120 -16.25976859 -8.86133884 -7.46656255 -4.93496143 -4.14562478 -3.63061687 -2.71989690 5.89846596 6.76673309 7.99277683 8.26829241 9.16525337 9.59739187 9.91441017 10.47404603
2.99083097 -16.46042630 -16.33849059 -8.71011577 -7.34587226 -4.89160902 -4.10674723 -3.73236324 -2.81019142 6.06584707 6.87284877 7.91258803 8.23784547 9.01231113 9.42895154 9.77325309 10.32681396
3.00919856 -16.52104180 -16.41016877 -8.55717163 -7.22395587 -4.84629130 -4.06678080 -3.83375639 -2.90069415 6.22816564 6.96851726 7.82286294 8.20508587 8.86413156 9.26928067 9.63300195 10.17726244
3.02756614 -16.57972243 -16.47521443 -8.40241347 -7.10088554 -4.79900503 -4.02626843 -3.93416185 -2.99126640 6.38478270 7.04987083 7.72923784 8.16425554 8.72034262 9.12345773 9.49374207 10.02623189
3.04593373 -16.63589101 -16.53421402 -8.24576940 -6.97672135 -4.74975448 -4.03850974 -3.98018851 -3.08177272 6.53501348 7.11080524 7.63681513 8.11299938 8.57931401 8.99713252 9.35561085 9.87467940
3.06430132 -16.68905481 -16.58775284 -8.08719083 -6.85151396 -4.69855412 -4.13710512 -3.93814163 -3.17208042 6.67802264 7.14197522 7.55156880 8.05311426 8.43930030 8.89422145 9.21890996 9.72368138
3.08266891 -16.73895026 -16.63626981 -7.92665455 -6.72530748 -4.64543525 -4.23630721 -3.89366473 -3.26205921 6.81248507 7.13298303 7.47868992 7.98998545 8.30130110 8.81414444 9.08437362 9.57443500
3.10103649 -16.78559188 -16.68000722 -7.76416466 -6.59814265 -4.59047337 -4.33478229 -3.84795082 -3.35158073 6.93469785 7.08347329 7.41514892 7.92706560 8.17260629 8.75122848 8.95396568 9.42826264
3.11940408 -16.82923812 -16.71904293 -7.59975446 -6.47006062 -4.53405708 -4.43194903 -3.80113493 -3.44051758 6.98350506 7.05996203 7.35257111 7.85415151 8.07118523 8.69434359 8.83392721 9.28663049
3.13777167 -16.87030746 -16.75337143 -7.43348816 -6.34110780 -4.53127570 -4.47260713 -3.75328008 -3.52873937 6.89034412 7.11623104 7.31009653 7.75355388 8.01385058 8.62119599 8.74279417 9.15120123
3.15613926 -16.90927452 -16.78300400 -7.26546252 -6.21134288 -4.62556286 -4.41322760 -3.70447877 -3.61607348 6.78044750 7.07721871 7.34584788 7.63290551 7.98587039 8.51953898 8.69109220 9.02394429
3.17450684 -16.94657804 -16.80805603 -7.09580829 -6.08084853 -4.71952758 -4.35110109 -3.70293176 -3.65423832 6.66412097 6.97962871 7.41374285 7.51449572 7.96278079 8.41013000 8.65835409 8.90731113
3.19287443 -16.98256885 -16.82879346 -6.92469151 -5.94975415 -4.81203788 -4.28723081 -3.78815965 -3.60363541 6.54391451 6.86624407 7.36136962 7.51817846 7.92892233 8.30680821 8.63202419 8.80444373
3.21124202 -17.01750466 -16.84563127 -6.75231466 -5.81828832 -4.90271201 -4.22179039 -3.87236607 -3.55198735 6.42105474 6.74891162 7.23986624 7.58521819 7.87710963 8.21403201 8.60682061 8.71945718
3.22960961 -17.05157423 -16.85910164 -6.57891763 -5.68692502 -4.99098915 -4.15491116 -3.95529432 -3.49947921 6.29634838 6.63248799 7.11787567 7.63993058 7.81177891 8.13031976 8.57724109 8.65789379
3.24797719 -17.08492793 -16.86981470 -6.40477883 -5.55691071 -5.07555724 -4.08678542 -4.03675659 -3.44617265 6.17056298 6.51961583 6.99840426 7.65170030 7.76348800 8.05255283 8.53931649 8.62212514
3.26634478 -17.11770107 -16.87842552 -6.23021732 -5.43306341 -5.15154480 -4.11697419 -4.01721476 -3.39212589 6.04459501 6.41178316 6.88177453 7.58924016 7.76300564 7.98377791 8.49882531 8.60279746
3.28471237 -17.15002705 -16.88561035 -6.05559944 -5.34698076 -5.18730493 -4.19537512 -3.94680742 -3.33740084 5.91949258 6.30973462 6.76800330 7.50148401 7.75100781 7.93835594 8.46102877 8.59053527
3.30307996 -17.18204260 -16.89204996 -5.88136741 -5.37162490 -5.10980174 -4.27208649 -3.87548376 -3.28206478 5.79639211 6.21373243 6.65716060 7.40964011 7.70246243 7.92350062 8.42699459 8.58107245
3.32144754 -17.21388820 -16.89841713 -5.70823656 -5.43971852 -4.98601830 -4.34698057 -3.80342663 -3.22619106 5.67643255 6.12374567 6.54946793 7.31720208 7.63512142 7.92009976 8.39701589 8.57229350
3.33981513 -17.24570600 -16.90536607 -5.54607917 -5.50369539 -4.85412922 -4.41993702 -3.73080866 -3.16985946 5.56068772 6.03957429 6.44530783 7.22409236 7.56598181 7.91239807 8.37153731 8.56293922
3.35818272 -17.27763655 -16.91352270 -5.59166804 -5.36152313 -4.71998573 -4.49077213 -3.65780697 -3.11315642 5.45012647 5.96091698 6.34519192 7.12932744 7.50266902 7.89466269 8.35080691 8.55222837
3.37655031 -17.30981519 -16.92347522 -5.66397801 -5.19328248 -4.58747059 -4.55699699 -3.58460337 -3.05617520 5.34559343 5.88740023 6.24971435 7.03209283 7.44833564 7.86583116 8.33443162 8.53970015
3.39491789 -17.34236844 -16.93576486 -5.73489436 -5.02710185 -4.62701928 -4.44864732 -3.51138319 -2.99901583 5.24779984 5.81858593 6.15950733 6.93218890 7.40368782 7.82717860 8.32136043 8.52511971
3.41328548 -17.37541050 -16.95087696 -5.80371308 -4.86455442 -4.69020799 -4.31379134 -3.43833385 -2.94178509 5.15731703 5.75397278 6.07520430 6.82998283 7.36776766 7.78128809 8.31026629 8.50841543
3.43165307 -17.40904005 -16.96923253 -5.87018152 -4.76107982 -4.69544331 -4.17937030 -3.36564328 -2.88459632 5.07456916 5.69300471 5.99740600 6.72614635 7.33832693 7.73158090 8.29995815 8.48964018
3.45002066 -17.44333737 -16.99118064 -5.93415502 -4.81612752 -4.54349401 -4.04585875 -3.29349827 -2.82756924 4.99982449 5.63509845 5.92663835 6.62143115 7.31188195 7.68230516 8.28958558 8.46895415
3.46838824 -17.47836191 -17.01699178 -5.99553594 -4.87315783 -4.39117742 -3.91362996 -3.22208276 -2.77082961 4.93318575 5.57969686 5.86329242 6.51655847 7.28369914 7.63864864 8.27864741 8.44662930
3.48675583 -17.51415016 -17.04685252 -6.05425449 -4.92812777 -4.24278626 -3.78305506 -3.15157596 -2.71450892 4.87458135 5.52633936 5.80755105 6.41219482 7.24850225 7.60611986 8.26689668 8.42307920
3.50512342 -17.55071410 -17.08086161 -6.11026101 -4.98073402 -4.09883473 -3.65451509 -3.08215017 -2.65874397 4.82375885 5.47471998 5.75932618 6.30897351 7.20258483 7.58849213 8.25420025 8.39892243
3.52349101 -17.58804013 -17.11902771 -6.16352234 -5.03088436 -3.95958685 -3.52840018 -3.01396817 -2.60367646 4.78028289 5.42469684 5.71823653 6.20754001 7.14571644 7.58592357 8.24037023 8.37508829
3.54185859 -17.62608859 -17.16126876 -6.21402004 -5.07853694 -3.82522113 -3.40510523 -2.94717965 -2.54945239 4.74353933 5.37623952 5.68362771 6.10861864 7.08042198 7.59568243 8.22498612 8.35294931
3.56022618 -17.66479380 -17.20741310 -6.26174929 -5.12367244 -3.69586482 -3.28502616 -2.88191590 -2.49622150 4.71274787 5.32933697 5.65458963 6.01311724 7.00992791 7.61419474 8.20731220 8.33436951
3.57859377 -17.70406489 -17.25720214 -6.30671813 -5.16628652 -3.57160881 -3.16856002 -2.81828153 -2.44413641 4.68698494 5.28390307 5.62988068 5.92232044 6.93701368 7.63818857 8.18653771 8.32142934
3.59696136 -17.74378713 -17.31029465 -6.34894675 -5.20638708 -3.45251761 -3.05611341 -2.75633997 -2.39335175 4.66521837 5.23970644 5.60760063 5.83830115 6.86382030 7.66489897 8.16234951 8.31580131
3.61532894 -17.78382412 -17.36627218 -6.38846681 -5.24399293 -3.33863693 -2.94812604 -2.69608673 -2.34402296 4.64635380 5.19633779 5.58435503 5.76479399 6.79197716 7.69198950 8.13525197 8.31834493
3.63369653 -17.82402059 -17.42464573 -6.42532061 -5.27913296 -3.22999951 -2.84512298 -2.63739706 -2.29630495 4.62929046 5.15322760 5.55435064 5.70807949 6.72274399 7.71750089 8.10628888 8.32925888
3.65206412 -17.86420597 -17.48486306 -6.45956015 -5.31184527 -3.12662949 -2.74782298 -2.57991980 -2.25035048 4.61298071 5.10973529 5.51289202 5.67339150 6.65710561 7.73986872 8.07663957 8.34833989
3.67043171 -17.90419869 -17.54631655 -6.49124605 -5.34217637 -3.02854573 -2.65734657 -2.52287339 -2.20630838 4.59648557 5.06532586 5.46362141 5.65749544 6.59582632 7.75794828 8.04745263 8.37504117
3.68879929 -17.94381096 -17.60835143 -6.52044642 -5.37018020 -2.93576439 -2.57548975 -2.46477715 -2.16432165 4.57901861 5.01980597 5.41373781 5.65323415 6.53947959 7.77097531 8.01985064 8.40845458
3.70716688 -17.98285414 -17.67027416 -6.54723551 -5.39591705 -2.84830091 -2.50447149 -2.40370875 -2.12452535 4.55997561 4.97351750 5.36737410 5.65596450 6.48846510 7.77846308 7.99495094 8.44736084
3.72553447 -18.02114379 -17.73136118 -6.57169232 -5.41945238 -2.76617152 -2.44509010 -2.33915259 -2.08704465 4.53895589 4.92736036 5.32585119 5.66328585 6.44302086 7.78014657 7.97377782 8.49035553
3.74390206 -18.05850387 -17.79086884 -6.59389917 -5.44085553 -2.68939425 -2.39547245 -2.27325458 -2.05199285 4.51578729 4.88260558 5.28909002 5.67380489 6.40323466 7.77611110 7.95698655 8.53598965
3.76226964 -18.09476805 -17.84804580 -6.61394014 -5.46019832 -2.61798922 -2.35304584 -2.20885341 -2.01946958 4.49056308 4.84059125 5.25646861 5.68654899 6.36905689 7.76703858 7.94451369 8.58287498
3.78063723 -18.12977571 -17.90215043 -6.63189956 -5.47755368 -2.55197816 -2.31613732 -2.14788356 -1.98955941 4.46368036 4.80244049 5.22727602 5.70074809 6.34031505 7.75422919 7.93550698 8.62974150
3.79900482 -18.16335908 -17.95247644 -6.64786045 -5.49299412 -2.49138286 -2.28391529 -2.09143543 -1.96233083 4.43584743 4.76889564 5.20092278 5.71576610 6.31672921 7.73924999 7.92867119 8.67545780
3.81737241 -18.19531920 -17.99838897 -6.66190303 -5.50659032 -2.43622274 -2.25601435 -2.04013135 -1.93783587 4.40802748 4.74029527 5.17700802 5.73108916 6.29792816 7.72352440 7.92269872 8.71903042
3.83573999 -18.22539279 -18.03936889 -6.67410323 -5.51840970 -2.38651128 -2.23230557 -1.99435557 -1.91611056 4.38132026 4.71666276 5.15531390 5.74633108 6.28346611 7.70814020 7.91649387 8.75959424
3.85410758 -18.25322040 -18.07505497 -6.68453132 -5.52851501 -2.34225192 -2.21278408 -1.95436602 -1.89717642 4.35682192 4.69784087 5.13577111 5.76123814 6.27284106 7.69384619 7.90921249 8.79640110
3.87247517 -18.27833300 -18.10526644 -6.69325063 -5.53696313 -2.30343340 -2.19751414 -1.92034764 -1.88104289 4.33550834 4.68361243 5.11841816 5.77568519 6.26551567 7.68111365 7.90023684 8.82880954
3.89084276 -18.30017045 -18.12999278 -6.70031643 -5.54380387 -2.27002555 -2.18659985 -1.89243885 -1.86771065 4.31816290 4.67377997 5.10336400 5.78966092 6.26094085 7.67019173 7.88915440 8.85627678
3.90921034 -18.31812893 -18.14935328 -6.70577487 -5.54907899 -2.24197590 -2.18016727 -1.87074614 -1.85717482 4.30534378 4.66820751 5.09075602 5.80324380 6.25858120 7.66113421 7.87576258 8.87835297
3.92757793 -18.33161954 -18.16354447 -6.70966223 -5.55282140 -2.21920806 -2.17835137 -1.85535416 -1.84942650 4.29737531 4.66683981 5.08075305 5.81657218 6.25794029 7.65378955 7.86010706 8.89467719
3.94594552 -18.34011802 -18.17279516 -6.71200422 -5.55505454 -2.20162224 -2.18128543 -1.84630803 -1.84447813 4.29435029 4.66971282 5.07350169 5.82981178 6.25858422 7.64774400 7.84256402 8.90497482
3.96431310 -18.34319615 -18.17733862 -6.71281561 -5.55579196 -2.18915407 -2.18903640 -1.84303566 -1.84294552 4.29613651 4.67696264 5.06911486 5.84312261 6.26016289 7.64220162 7.82398208 8.90905579
